-0.865170 -0.958981 -0.552849
-0.549176 -0.967771 -0.950371
-0.847958 -0.852212 -0.864701
-0.546643 -0.551116 -0.556939
-0.552506 -0.535887 -0.528537
-0.523984 -0.814073 -0.851574
-0.555919 -0.534287 -0.548627
-0.555926 -0.552018 -0.540875
-0.525299 -0.518301 -0.500875
-0.549172 -0.543760 -0.527993
-0.533167 -0.536560 -0.551892
-0.531064 -0.505447 -0.490847
-0.484193 -0.532994 -0.527137
-0.525918 -0.526512 -0.504908
-0.472281 -0.462667 -0.452894
-0.452097 -0.447162 -0.510691
-0.509197 -0.505160 -0.513858
-0.521607 -0.539128 -0.527675
-0.509622 -0.497650 -0.476826
-0.446944 -0.446918 -0.538334
-0.490374 -0.498305 -0.499853
-0.507020 -0.522193 -0.527417
-0.535910 -0.526697 -0.488769
-0.454159 -0.441909 -0.588926
-0.566361 -0.510178 -0.533299
-0.521333 -0.508648 -0.481860
-0.486977 -0.509804 -0.514831
-0.516316 -0.478885 -0.473357
-0.621397 -0.582330 -0.572257
-0.566679 -0.575241 -0.560693
-0.552521 -0.536226 -0.508310
-0.487874 -0.488539 -0.482345
-0.487486 -0.469875 -0.591632
-0.617607 -0.652448 -0.647285
-0.640605 -0.628000 -0.611603
-0.604373 -0.588574 -0.589109
-0.582457 -0.563679 -0.550789
-0.537106 -0.524661 -0.515826
-0.486148 -0.471258 -0.448852
-0.450105 -0.443393 -0.566382
-0.582420 -0.566058 -0.574898
-0.580736 -0.621982 -0.606898
-0.592374 -0.568597 -0.532128
-0.537359 -0.586779 -0.533665
-0.535007 -0.572126 -0.562762
-0.548878 -0.545226 -0.520040
-0.493988 -0.455859 -0.431518
-0.432111 -0.423942 -0.617446
-0.339468 -0.347728 -0.551635
-0.540116 -0.565082 -0.568987
-0.570750 -0.570597 -0.569228
-0.559533 -0.564839 -0.592026
-0.494356 -0.501139 -0.508933
-0.518133 -0.515842 -0.528354
-0.521565 -0.508854 -0.482744
-0.509160 -0.507860 -0.495999
-0.448279 -0.419869 -0.406087
-0.397364 -0.373453 -0.335954
-0.277883 -0.287933 -0.466255
-0.530008 -0.540168 -0.540658
-0.552764 -0.564054 -0.566540
-0.548677 -0.537628 -0.532395
-0.440666 -0.424467 -0.422407
-0.402902 -0.409630 -0.397843
-0.421278 -0.441882 -0.457713
-0.486674 -0.479109 -0.477722
-0.469948 -0.495137 -0.474408
-0.462081 -0.440003 -0.410527
-0.364457 -0.329405 -0.243848
-0.212271 -0.384152 -0.464185
-0.494178 -0.511565 -0.508200
-0.531266 -0.530168 -0.533465
-0.535705 -0.520045 -0.515629
-0.430625 -0.395293 -0.379246
-0.351941 -0.345642 -0.367612
-0.399378 -0.409761 -0.412732
-0.425159 -0.443313 -0.456827
-0.461208 -0.473288 -0.471720
-0.447708 -0.478251 -0.443032
-0.379698 -0.340911 -0.281280
-0.220340 -0.544227 -0.058993
-0.292241 -0.305552 -0.399619
-0.386330 -0.485025 -0.492266
-0.498077 -0.497264 -0.502927
-0.513371 -0.501870 -0.486531
-0.425747 -0.400423 -0.380975
-0.362623 -0.321628 -0.343775
-0.361232 -0.377347 -0.398119
-0.401098 -0.398029 -0.404633
-0.416809 -0.436881 -0.447144
-0.489674 -0.482429 -0.482421
-0.442375 -0.365624 -0.297334
-0.213475 -0.118320 -0.090915
-0.074553 -0.056538 -0.231379
-0.291840 -0.310120 -0.391627
-0.434105 -0.468729 -0.469350
-0.478688 -0.489662 -0.493184
-0.492695 -0.447081 -0.387156
-0.368043 -0.343717 -0.308493
-0.317183 -0.328797 -0.362049
-0.375683 -0.391736 -0.418305
-0.432961 -0.417835 -0.414071
-0.412815 -0.427803 -0.449193
-0.476530 -0.484109 -0.488180
-0.395120 -0.339308 -0.203573
-0.085355 -0.044500 -0.019872
-0.054142 -0.172640 -0.221807
-0.286369 -0.319219 -0.318281
-0.401488 -0.430181 -0.478385
-0.483923 -0.471374 -0.376337
-0.363199 -0.346142 -0.320656
-0.299812 -0.297558 -0.308681
-0.359069 -0.396288 -0.425696
-0.449833 -0.459499 -0.454286
-0.452316 -0.443936 -0.434490
-0.423304 -0.413074 -0.427266
-0.451664 -0.465559 -0.428080
-0.325736 -0.170112 -0.053677
-0.004577 0.019537 0.024384
-0.051816 -0.032826 -0.121817
-0.192834 -0.176123 -0.232972
-0.358842 -0.416240 -0.454471
-0.456720 -0.441820 -0.354040
-0.320270 -0.298785 -0.265021
-0.274906 -0.308928 -0.339004
-0.364845 -0.392559 -0.422754
-0.443120 -0.443775 -0.453680
-0.454130 -0.431081 -0.415770
-0.406049 -0.394085 -0.372480
-0.376230 -0.387082 -0.381731
-0.283084 -0.162775 -0.080173
-0.016449 0.017133 0.034465
0.044861 -0.049699 0.076427
0.001348 -0.029020 -0.125633
-0.197020 -0.329986 -0.414470
-0.410499 -0.423314 -0.353048
-0.301847 -0.237517 -0.229679
-0.220588 -0.272844 -0.303522
-0.316222 -0.321794 -0.328501
-0.390092 -0.367952 -0.351490
-0.349001 -0.348146 -0.370073
-0.396857 -0.365550 -0.328988
-0.317021 -0.305103 -0.323780
-0.312613 -0.321987 -0.185334
-0.151131 -0.072772 -0.075157
-0.033130 -0.018163 -0.047425
-0.047561 0.103193 0.043105
0.025997 -0.107144 -0.202726
-0.308168 -0.343996 -0.369112
-0.306017 -0.277609 -0.236025
-0.211023 -0.189550 -0.197057
-0.225397 -0.248043 -0.264961
-0.301240 -0.351036 -0.375618
-0.388963 -0.368356 -0.322255
-0.281911 -0.261632 -0.258671
-0.261309 -0.274446 -0.275664
-0.264633 -0.241143 -0.248499
-0.304928 -0.255978 -0.228099
-0.141946 -0.157491 -0.104071
-0.111208 -0.181776 -0.045392
0.067703 0.071059 0.042736
0.000935 -0.072329 -0.183731
-0.278031 -0.324110 -0.287679
-0.273207 -0.265902 -0.223019
-0.188958 -0.181392 -0.173130
-0.172581 -0.184332 -0.193402
-0.235107 -0.284215 -0.302259
-0.287344 -0.280657 -0.246747
-0.227687 -0.203517 -0.196387
-0.176090 -0.193468 -0.207819
-0.193409 -0.179423 -0.208602
-0.200614 -0.323389 -0.306467
-0.272752 -0.270022 -0.274549
-0.209745 -0.209642 -0.043306
-0.009160 0.007228 -0.018577
-0.028246 -0.067170 -0.202244
-0.273364 -0.245588 -0.256916
-0.251720 -0.246221 -0.207048
-0.191500 -0.190718 -0.157925
-0.144229 -0.119137 -0.119421
-0.147924 -0.112636 -0.113072
-0.093499 -0.105920 -0.102571
-0.112275 -0.124674 -0.156948
-0.152597 -0.146352 -0.151960
-0.129421 -0.111162 -0.131515
-0.118412 -0.246283 -0.389245
-0.389692 -0.331675 -0.321335
-0.300040 -0.228240 -0.220702
-0.041487 -0.023764 -0.038413
-0.035223 -0.046661 -0.063855
-0.157864 -0.215283 -0.224107
-0.218706 -0.241319 -0.234115
-0.233784 -0.217034 -0.203096
-0.140595 -0.111779 -0.059710
-0.040809 -0.036646 0.036032
0.037933 0.028527 0.011024
-0.019017 -0.049363 -0.072474
-0.096864 -0.128772 -0.125976
-0.109584 -0.085050 -0.076397
-0.089874 -0.097354 -0.155463
-0.349091 -0.389788 -0.358610
-0.316255 -0.291196 -0.244005
-0.216584 -0.039787 -0.038893
-0.053007 -0.052945 -0.061991
-0.078071 -0.105169 -0.140045
-0.126752 -0.152805 -0.170989
-0.182732 -0.203806 -0.179357
-0.163325 -0.124631 -0.088050
-0.028192 0.011229 0.050280
0.090759 0.130278 0.123203
0.105207 0.056997 0.007209
-0.039970 -0.058476 -0.078643
-0.094021 -0.079725 -0.049697
-0.020590 -0.011259 -0.031895
-0.063524 -0.108930 -0.276576
-0.255937 -0.277636 -0.251388
-0.251721 -0.232741 -0.038018
-0.084631 -0.097844 -0.082117
-0.121561 -0.099389 -0.076228
-0.062430 -0.068707 -0.061020
-0.077215 -0.095628 -0.107950
-0.122831 -0.112064 -0.080776
-0.039181 0.014997 0.034280
0.127866 0.204875 0.226287
0.233075 0.205488 0.139662
0.066683 0.041132 0.006384
-0.017526 -0.025344 -0.029847
0.002880 0.042877 0.058752
0.053612 0.028656 0.015032
-0.106611 -0.139005 -0.215482
-0.235953 -0.225679 -0.223532
-0.036558 -0.137855 -0.141423
-0.121996 -0.112155 -0.087373
-0.003141 -0.017254 -0.007709
0.000562 0.025430 0.013385
0.007567 -0.027245 -0.016479
0.006294 0.014757 0.043982
0.052400 0.101941 0.147625
0.216561 0.226180 0.208874
0.154268 0.098645 0.078748
0.054024 0.049419 0.018692
0.031458 0.023947 0.069789
0.095904 0.076680 0.069779
0.037121 0.004298 -0.026754
-0.198223 -0.194686 -0.189698
-0.195810 -0.035423 -0.161318
-0.158505 -0.143352 -0.145474
-0.095689 0.019489 0.023824
0.063716 0.076286 0.082410
0.099559 0.108393 0.084527
0.084922 0.106125 0.046406
0.034352 0.058276 0.085846
0.108036 0.124926 0.111082
0.111447 0.116471 0.088519
0.055261 0.054412 0.049265
0.056090 0.033162 0.034996
0.061963 0.092741 0.073769
0.069102 0.042760 0.004383
-0.010454 -0.082682 -0.117018
-0.118423 -0.122878 -0.034208
-0.181859 -0.171562 -0.164348
-0.147955 -0.145814 -0.027362
0.056355 0.107661 0.113886
0.124815 0.130882 0.134043
0.135526 0.132691 0.093353
0.023382 0.007668 0.018604
0.044867 0.075445 0.085051
0.068834 0.063899 0.053061
0.050485 0.034632 0.021735
0.019999 0.032497 0.043899
0.032965 0.038988 0.051496
0.047563 0.054299 0.031884
0.004944 0.003215 0.005294
-0.023825 -0.067367 -0.112131
-0.033106 -0.163764 -0.153099
-0.144949 -0.122043 -0.057172
-0.018828 0.102987 0.119499
0.139677 0.155320 0.146328
0.150214 0.153744 0.086995
0.038331 -0.022465 -0.036145
-0.075139 -0.063910 -0.047607
-0.038970 -0.027178 -0.022347
-0.024243 -0.025990 -0.023836
-0.027572 -0.026478 -0.023876
-0.007610 -0.009365 -0.004091
-0.002671 0.009366 0.009696
-0.012651 -0.021908 -0.022253
-0.044953 -0.041428 -0.070643
-0.091557 -0.032110 -0.148023
-0.152681 -0.135767 -0.124899
-0.067975 -0.053774 0.065523
0.091008 0.119811 0.118819
0.142970 0.105521 0.099073
0.026807 -0.025715 -0.079228
-0.094007 -0.147634 -0.145700
-0.152319 -0.118874 -0.112306
-0.109343 -0.084676 -0.068864
-0.067763 -0.066277 -0.063017
-0.066749 -0.058337 -0.057586
-0.049042 -0.045152 -0.053811
-0.055801 -0.067530 -0.054444
-0.097612 -0.128660 -0.107281
-0.103752 -0.074054 -0.031210
-0.145273 -0.130929 -0.141725
-0.122073 -0.099683 -0.078074
0.014414 0.007455 0.065050
0.058501 0.064277 0.040184
0.028852 -0.056325 -0.074756
-0.093072 -0.129278 -0.179643
-0.193927 -0.212583 -0.234762
-0.256121 -0.275567 -0.236217
-0.189501 -0.152649 -0.112321
-0.103501 -0.068234 -0.075718
-0.074045 -0.080418 -0.083648
-0.088672 -0.098182 -0.114529
-0.084221 -0.113778 -0.133119
-0.107307 -0.075156 -0.076128
-0.030394 -0.130596 -0.127987
-0.137108 -0.115273 -0.090452
-0.069232 -0.010988 0.010900
0.052516 0.054927 0.002676
-0.014856 -0.036039 -0.059321
-0.057254 -0.080367 -0.123445
-0.164712 -0.218981 -0.255770
-0.282608 -0.319664 -0.355247
-0.319829 -0.243183 -0.182865
-0.115258 -0.089400 -0.057815
-0.052473 -0.063928 -0.078399
-0.101460 -0.105431 -0.110313
-0.127915 -0.131698 -0.085315
-0.092198 -0.052078 -0.026142
-0.036681 -0.029650 -0.105122
-0.095537 -0.106698 -0.075816
-0.035279 -0.020379 0.005328
0.040788 0.064855 0.029325
-0.009762 -0.025979 -0.034346
-0.048778 -0.058765 -0.050436
-0.079393 -0.129208 -0.163235
-0.211426 -0.274715 -0.325943
-0.335359 -0.288836 -0.197708
-0.120561 -0.081763 -0.042534
-0.009385 -0.012364 -0.018146
-0.028194 -0.063399 -0.056917
-0.082862 -0.101277 -0.114491
-0.072879 -0.038303 -0.001237
0.004440 0.039167 -0.028962
-0.083343 -0.078038 -0.050739
-0.059356 -0.013523 0.010274
0.034861 0.037373 0.027505
-0.007668 -0.006797 -0.016325
-0.015445 -0.007416 -0.015329
-0.023751 -0.027685 -0.045894
-0.105250 -0.171480 -0.240117
-0.277530 -0.276341 -0.227296
-0.162571 -0.086087 -0.047992
-0.004177 0.029945 0.026689
0.035131 0.035319 -0.002291
-0.038615 -0.052355 -0.058787
-0.081902 -0.069527 -0.018239
0.015485 0.040897 0.102862
-0.028052 -0.053993 -0.042600
-0.021801 -0.003011 -0.016984
0.007526 0.018297 0.025354
0.003793 0.001110 -0.006500
-0.003476 0.020041 0.012952
0.003222 -0.002856 0.009550
0.000530 -0.040012 -0.071797
-0.160814 -0.199911 -0.214797
-0.174783 -0.103365 -0.026048
0.001665 0.044080 0.053357
0.063047 0.089443 0.080082
0.048663 0.021556 -0.008422
0.011516 -0.013712 0.003245
0.037701 0.064529 0.117895
0.128868 -0.027407 -0.000679
-0.007900 0.005403 0.011071
0.015271 0.015023 0.032712
0.030872 0.017392 0.020941
0.017633 0.009456 0.011924
0.013192 0.030431 0.032082
0.023083 0.017539 0.021453
-0.027161 -0.069469 -0.056522
-0.062535 -0.057444 -0.022971
0.003729 0.046937 0.071411
0.085077 0.110443 0.126639
0.136664 0.086005 0.068442
0.071998 0.091656 0.078084
0.115790 0.128795 0.129947
0.160948 0.189065 -0.026760
0.010942 0.022426 0.032546
0.034772 0.054562 0.049673
0.054912 0.046263 0.030478
0.038542 0.038808 0.032121
0.039695 0.050501 0.045473
0.054683 0.047145 0.054272
0.044779 0.045932 0.082133
0.140418 0.179984 0.148970
0.067009 0.076798 0.094115
0.098267 0.109697 0.154575
0.197541 0.184899 0.139509
0.123084 0.130370 0.135255
0.131287 0.191766 0.236598
0.206439 0.232146 0.238432
-0.026088 0.045830 0.041606
0.067728 0.078724 0.091620
0.094817 0.066407 0.067202
0.042284 0.061120 0.079370
0.083697 0.104294 0.132149
0.132571 0.119994 0.096973
0.070881 0.086272 0.112572
0.183278 0.225928 0.248816
0.222276 0.178901 0.143012
0.130583 0.114521 0.177225
0.217363 0.233932 0.215027
0.179929 0.166607 0.183851
0.190583 0.172036 0.231296
0.266819 0.262689 0.263118
0.226275 -0.025369 0.088882
0.109033 0.095988 0.095938
0.109107 0.118886 0.095365
0.096291 0.095473 0.111158
0.110696 0.125806 0.169600
0.202032 0.180674 0.170576
0.153193 0.133494 0.132588
0.166008 0.187535 0.247520
0.263339 0.272527 0.218633
0.189844 0.170518 0.190998
0.226776 0.269879 0.271075
0.232723 0.204023 0.198346
0.206554 0.246930 0.264762
0.265924 0.250408 0.218436
0.224712 0.229368 -0.024580
0.126371 0.141656 0.131019
0.136941 0.139713 0.122913
0.110882 0.131066 0.133920
0.132832 0.137725 0.157743
0.190709 0.233196 0.217104
0.215593 0.207068 0.185967
0.187853 0.194074 0.234450
0.293569 0.287729 0.282905
0.251327 0.234417 0.211676
0.234182 0.265607 0.276681
0.260410 0.229660 0.215525
0.220023 0.233193 0.253035
0.276645 0.286901 0.224188
0.210977 0.221016 0.227494
-0.023700 0.165318 0.169780
0.168867 0.175856 0.139585
0.125064 0.132488 0.152598
0.151040 0.169803 0.166977
0.171827 0.178947 0.213632
0.244070 0.264597 0.260140
0.232593 0.196340 0.250767
0.279022 0.302020 0.329868
0.298081 0.279126 0.247898
0.255140 0.277754 0.281704
0.231197 0.226037 0.238732
0.220883 0.220928 0.236451
0.289714 0.290593 0.225051
0.194231 0.201501 0.205391
0.220707 -0.022814 -0.022707
0.181029 0.185078 0.217450
0.197808 0.154800 0.132773
0.147571 0.153510 0.186139
0.179135 0.167758 0.161613
0.180492 0.190314 0.244304
0.264976 0.293653 0.271575
0.234864 0.243180 0.277906
0.310930 0.310951 0.320722
0.300236 0.303081 0.318837
0.309835 0.304047 0.271827
0.242256 0.268653 0.246214
0.232250 0.335079 0.334928
0.289399 0.209481 0.207414
0.182388 0.198327 0.196172
-0.021690 0.167932 0.175183
0.208913 0.210402 0.193787
0.159135 0.156650 0.154914
0.179501 0.202618 0.201614
0.164992 0.139057 0.137498
0.162319 0.190017 0.227891
0.302047 0.307197 0.314017
0.285088 0.268519 0.279661
0.371400 0.377315 0.403122
0.399296 0.386759 0.357157
0.319944 0.321549 0.310248
0.296189 0.274954 0.271648
0.358282 0.341723 0.291730
0.180139 0.163455 0.146438
0.147020 -0.020413 0.153567
0.183974 0.192526 0.195007
0.174039 0.159338 0.161537
0.184930 0.226916 0.230190
0.221148 0.192055 0.138861
0.126145 0.113555 0.149603
0.197725 0.248510 0.323996
0.385422 0.388425 0.408773
0.419947 0.439529 0.450500
0.474355 0.470526 0.441576
0.393856 0.379899 0.361803
0.353336 0.351812 0.339760
0.422787 0.416387 0.288421
0.195323 0.124529 0.035357
0.030282 0.064026 -0.018968
0.164968 0.167552 0.150694
0.148341 0.142621 0.153457
0.185311 0.202507 0.244995
0.267736 0.246792 0.219010
0.204470 0.149329 0.122414
0.142181 0.177978 0.264297
0.345828 0.414338 0.471065
0.490416 0.500669 0.499774
0.512438 0.512458 0.493410
0.496325 0.481804 0.440422
0.421106 0.426026 0.431088
0.492910 0.451590 0.337763
0.236842 0.150480 0.039199
-0.103284 -0.139379 -0.017340
0.154206 0.148438 0.143424
0.151948 0.144706 0.154179
0.191928 0.227200 0.256255
0.260614 0.296267 0.245051
0.238339 0.221676 0.195633
0.177296 0.217209 0.269342
0.371374 0.440407 0.486051
0.501338 0.514403 0.488667
0.505981 0.518298 0.530877
0.530470 0.531941 0.523508
0.500328 0.559385 0.535197
0.512945 0.387052 0.287627
0.111809 -0.021177 -0.169881
-0.221385 0.158599 0.154785
0.142919 0.162856 0.189255
0.195626 0.215246 0.256023
0.285243 0.314344 0.346880
0.359820 0.298075 0.308885
0.276832 0.259470 0.277648
0.299462 0.362346 0.408314
0.453614 0.478240 0.492517
0.503417 0.518544 0.527068
0.530464 0.553948 0.560307
0.560517 0.580756 0.577073
0.566931 0.401832 0.325169
0.215315 -0.062627 -0.122392
-0.169004 -0.150458 -0.013412
0.166104 0.166813 0.184757
0.226230 0.232909 0.277779
0.303396 0.341608 0.390189
0.398154 0.434482 0.441864
0.376504 0.382262 0.357115
0.352323 0.375972 0.414715
0.445651 0.478973 0.501690
0.519572 0.522783 0.526879
0.513804 0.531229 0.581088
0.589750 0.600285 0.601983
0.569219 0.424578 0.375954
0.285405 0.091377 -0.009783
-0.062194 -0.115656 -0.112966
-0.010289 0.200011 0.205827
0.214119 0.264757 0.288179
0.333583 0.363378 0.408679
0.422515 0.447349 0.479640
0.485495 0.498017 0.438888
0.445891 0.431895 0.427503
0.456922 0.478024 0.491477
0.501262 0.490936 0.502142
0.494220 0.498605 0.564528
0.588304 0.596053 0.574622
0.488889 0.478787 0.443877
0.398804 0.265058 0.145264
-0.004705 0.026813 -0.009820
-0.165517 -0.007823 0.236705
0.251697 0.297756 0.308662
0.364260 0.392242 0.410010
0.441861 0.475989 0.472427
0.471857 0.523429 0.532016
0.535682 0.542081 0.487365
0.485785 0.478700 0.476954
0.468619 0.479772 0.475784
0.477117 0.505171 0.592902
0.591293 0.586961 0.564831
0.504834 0.500546 0.480689
0.404023 0.332830 0.248639
0.195968 0.130601 0.011409
-0.065149 -0.005166 0.281498
0.300296 0.313824 0.337051
0.408447 0.436927 0.455257
0.452942 0.462991 0.476138
0.484798 0.466600 0.517684
0.537362 0.569914 0.579465
0.573797 0.538823 0.501485
0.489871 0.531996 0.574961
0.595599 0.598622 0.591557
0.556652 0.504903 0.503644
0.498879 0.489570 0.476210
0.394855 0.364307 0.360141
0.314568 0.248960 0.107787
0.300896 0.336165 0.342573
0.394474 0.410493 0.461912
0.486451 0.479865 0.475674
0.452296 0.455758 0.450327
0.460283 0.522404 0.564947
0.553153 0.542713 0.532701
0.523131 0.552274 0.562031
0.575106 0.586534 0.587850
0.546887 0.533928 0.518987
0.499415 0.495910 0.499612
0.489966 0.539246 0.557259
0.527470 0.486090 0.282456
0.365980 0.401115 0.406395
0.434702 0.450548 0.491753
0.486934 0.462978 0.439174
0.419612 0.391696 0.401648
0.417502 0.431931 0.517998
0.513144 0.502377 0.541754
0.529281 0.553091 0.544262
0.494462 0.519010 0.529909
0.532420 0.509554 0.506942
0.487970 0.485447 0.469747
0.593705 0.617296 0.613534
0.564692 0.495655 0.422993
0.436604 0.448974 0.450410
0.481645 0.450762 0.455795
0.413711 0.378341 0.366706
0.390105 0.414657 0.418869
0.427526 0.460349 0.485816
0.500960 0.520744 0.525535
0.510367 0.512754 0.519820
0.521220 0.502758 0.498305
0.493172 0.530383 0.549152
0.590390 0.609184 0.629102
0.629431 0.638495 0.449047
0.442015 0.440808 0.469496
0.492723 0.474264 0.462143
0.437606 0.378505 0.401316
0.437787 0.443933 0.474611
0.501699 0.519863 0.496897
0.508040 0.517221 0.538593
0.541279 0.530352 0.493337
0.479923 0.527478 0.533736
0.535166 0.534202 0.529370
0.529847 0.562927 0.598999
0.603210 0.194917 0.193553
0.524400 0.518981 0.535184
0.512681 0.491832 0.537788
0.463619 0.457197 0.490516
0.528249 0.517329 0.553658
0.565174 0.557689 0.546019
0.543221 0.517160 0.495987
0.511176 0.522228 0.521804
0.520228 0.519005 0.522235
0.460832 0.481560 0.502406
0.541176 0.569966 0.198831
0.197277 0.547831 0.547831
0.542951 0.538771 0.565868
0.551412 0.548243 0.538332
0.545834 0.560991 0.599974
0.599820 0.600494 0.590655
0.546524 0.529681 0.557744
0.551477 0.529514 0.508552
0.491553 0.407398 0.404497
0.424029 0.442963 0.477920
0.498304 0.201425 0.532558
0.541136 0.547682 0.576983
0.624325 0.652420 0.682488
0.699732 0.711486 0.705717
0.654512 0.656379 0.649572
0.647058 0.634669 0.620865
0.603995 0.571658 0.539232
0.494127 0.414483 0.391296
0.370750 0.397289 0.400490
0.433132 0.202430 0.588662
0.568642 0.571919 0.604323
0.661706 0.704563 0.727768
0.741409 0.730155 0.729326
0.719531 0.721695 0.701110
0.672461 0.632958 0.598225
0.564615 0.472512 0.425256
0.394785 0.385856 0.365273
0.345685 0.364766 0.217674
0.618670 0.613997 0.623297
0.650416 0.635315 0.643916
0.673426 0.705855 0.725907
0.735599 0.745380 0.734663
0.716298 0.677807 0.641093
0.577200 0.549185 0.495394
0.448249 0.416475 0.387241
0.374765 0.340516 0.615381
0.630843 0.642537 0.639345
0.686736 0.678591 0.689834
0.720845 0.733417 0.747758
0.763752 0.757230 0.731434
0.707564 0.685557 0.661735
0.608992 0.572081 0.548388
0.498291 0.472668 0.435293
0.606427 0.656421 0.668805
0.658663 0.668362 0.687607
0.698142 0.749395 0.764433
0.776862 0.776637 0.771455
0.754431 0.721778 0.690336
0.650021 0.610208 0.589783
0.567583 0.529748 0.584756
0.544807 0.597338 0.685286
0.695299 0.685039 0.647368
0.647968 0.708120 0.726341
0.696809 0.708894 0.714872
0.698854 0.665839 0.667397
0.606976 0.587230 0.231714
0.417444 0.397685 0.428680
0.415447 0.423685 0.443902
0.506965 0.590781 0.600461
0.631292 0.663918 0.686852
0.698875 0.690845 0.676471
0.679657 0.234428 0.225578
0.225836 0.226174 0.219063
0.306789 0.317827 0.315602
0.382545 0.479506 0.519996
0.638785 0.658311 0.694328
0.696018 0.673827 0.248153
0.227533 0.204601 0.204655
0.125885 0.150087 0.141102
0.203866 0.232371 0.269565
0.370372 0.567775 0.599989
0.651223 0.685738 0.246930
0.250495 0.202444 0.112432
0.121059 0.023749 0.030850
0.050253 0.165267 0.265669
0.317617 0.261214 0.230775
0.148022 0.110879 0.035228
-0.045889 -0.028501 -0.011171
0.219653 0.109055 0.066428
-0.039529 -0.046185 0.101938
0.065198 -0.060900 -0.489087
-0.250122 0.100139 0.129513
-0.211805 0.291396 0.520349
-0.512429 -0.489955 0.060243
0.081885 0.102521 0.142804
0.185035 0.183257 0.188747
-0.568443 -0.513528 0.052123
0.050732 0.066318 0.083915
0.121805 0.172346 0.190460
0.192855 0.243950 0.051678
0.066318 0.059216 0.076735
0.077211 0.122225 0.172567
0.201697 0.227265 0.254440
0.071960 0.075954 0.081097
0.113932 0.128092 0.168949
0.227505 0.264262 0.274354
0.305434 -0.010185 0.073165
0.063094 0.069633 0.077881
0.108039 0.147286 0.212750
0.244416 0.291643 0.319860
0.333130 -0.066651 0.046022
0.063848 0.067623 0.066028
0.072016 0.153603 0.193046
0.258210 0.325242 0.363223
0.386431 -0.192479 -0.084206
-0.002024 0.059842 0.070501
0.055084 0.082619 0.131838
0.202967 0.265583 0.337488
0.406522 0.420410 -0.203951
-0.083990 0.025652 0.070880
0.067966 0.074518 0.107265
0.142679 0.167960 0.210948
0.327064 0.398871 0.429555
0.455986 -0.544019 -0.526876
-0.467125 -0.437678 -0.356846
-0.293726 -0.211265 -0.101803
-0.000174 0.058176 0.078695
0.080606 0.114321 0.154669
0.207709 0.238355 0.316270
0.401075 0.440496 0.458603
0.457118 -0.528496 -0.542870
-0.554818 -0.554396 -0.538837
-0.500193 -0.425607 -0.368973
-0.247896 -0.156343 -0.055522
-0.000166 0.068063 0.076847
0.112856 0.138129 0.183990
0.197708 0.256253 0.332694
0.422701 0.437804 0.443756
0.441787 0.777799 -0.916166
-0.912520 -0.485957 -0.510081
-0.553306 -0.561879 -0.562674
-0.549510 -0.547081 -0.496307
-0.435539 -0.357370 -0.200962
-0.137586 -0.074139 -0.012294
0.062472 0.088138 0.102502
0.123578 0.185481 0.218183
0.268614 0.345602 0.443506
0.477715 0.458658 0.441259
0.403407 0.382836 -0.940631
-0.937018 -0.302020 -0.405107
-0.485542 -0.530532 -0.556712
-0.564590 -0.548616 -0.548883
-0.527814 -0.498277 -0.376783
-0.282356 -0.185527 -0.107552
-0.072768 -0.021361 0.021184
0.079860 0.106395 0.165557
0.187403 0.204293 0.240072
0.320112 0.449694 0.474713
0.484676 0.473930 0.429888
0.376866 0.324482 -0.961390
-0.236177 -0.294011 -0.323981
-0.405813 -0.489100 -0.563240
-0.583343 -0.568157 -0.571757
-0.543218 -0.497549 -0.410362
-0.362333 -0.281020 -0.194319
-0.136322 -0.063075 -0.036230
0.019834 0.078170 0.102053
0.151526 0.184043 0.201426
0.238108 0.298659 0.325979
0.490547 0.506350 0.464299
0.433944 0.384664 0.338481
0.831102 -0.997882 -0.227667
-0.225777 -0.262641 -0.230481
-0.319957 -0.402436 -0.538979
-0.603323 -0.598060 -0.576526
-0.561455 -0.539308 -0.442695
-0.387536 -0.331927 -0.251017
-0.183412 -0.116367 -0.089890
-0.062366 -0.003206 0.048210
0.087086 0.127015 0.155135
0.182888 0.208617 0.282332
0.332408 0.452497 0.542697
0.497970 0.469424 0.370608
0.284630 0.284047 0.228204
-0.998047 -0.255135 -0.289318
-0.204601 -0.270003 -0.300049
-0.378428 -0.572896 -0.621143
-0.617648 -0.568259 -0.552129
-0.521351 -0.427274 -0.362746
-0.311879 -0.252629 -0.177865
-0.145718 -0.121175 -0.099051
-0.055883 0.014114 0.082650
0.132632 0.150828 0.172310
0.199064 0.234657 0.327248
0.388470 0.474766 0.581050
0.573822 0.427036 0.268672
0.233122 0.228172 -0.998201
-0.390607 -0.283061 -0.331954
-0.256728 -0.324790 -0.495330
-0.612064 -0.623162 -0.591819
-0.543239 -0.484549 -0.468813
-0.410493 -0.323882 -0.285612
-0.234184 -0.214853 -0.182306
-0.148384 -0.115293 -0.050319
0.029063 0.074920 0.108899
0.158720 0.186312 0.195248
0.224731 0.272599 0.408954
0.474218 0.587455 0.620005
0.489522 0.285623 0.224587
0.250965 0.270258 -0.998343
-0.500545 -0.354993 -0.378868
-0.336529 -0.422822 -0.536142
-0.637425 -0.648397 -0.599133
-0.504747 -0.455782 -0.445249
-0.404683 -0.314305 -0.259910
-0.251017 -0.237385 -0.216521
-0.170583 -0.117458 -0.045558
0.011244 0.065750 0.110659
0.149229 0.184663 0.191133
0.223201 0.287064 0.360636
0.471864 0.622421 0.669896
0.531012 0.358516 0.297262
0.273365 0.280460 0.264263
-0.998466 -0.552088 -0.475360
-0.459036 -0.433219 -0.476594
-0.643734 -0.684156 -0.625328
-0.549344 -0.411397 -0.420181
-0.409971 -0.372555 -0.309246
-0.297652 -0.278824 -0.261763
-0.235325 -0.192558 -0.129920
-0.059521 0.000713 0.047243
0.108869 0.141496 0.181729
0.210022 0.231597 0.282103
0.338880 0.472931 0.531929
0.692838 0.586160 0.473661
0.363243 0.353850 0.336189
0.339353 -0.998592 -0.998585
-0.617253 -0.587200 -0.575878
-0.579845 -0.682119 -0.710580
-0.668286 -0.621447 -0.415555
-0.381238 -0.412253 -0.370033
-0.342003 -0.352945 -0.337000
-0.331648 -0.286066 -0.253883
-0.230180 -0.138079 -0.009391
0.063314 0.115877 0.131714
0.146011 0.199582 0.226935
0.254994 0.293064 0.358533
0.415783 0.542629 0.696672
0.616622 0.539700 0.408540
0.415636 0.387239 0.406480
0.483038 -0.998700 -0.672310
-0.661681 -0.664868 -0.656937
-0.689020 -0.707788 -0.765799
-0.666350 -0.524623 -0.417631
-0.365021 -0.359992 -0.335251
-0.364206 -0.362487 -0.368927
-0.342092 -0.304752 -0.321500
-0.243439 -0.164881 -0.030427
0.095338 0.160426 0.171589
0.167257 0.216453 0.233167
0.234909 0.309609 0.372691
0.436652 0.540576 0.567652
0.706985 0.561191 0.444643
0.478890 0.480360 0.442516
0.482844 -0.998806 -0.713945
-0.704342 -0.738153 -0.716072
-0.728632 -0.797696 -0.771888
-0.633251 -0.522414 -0.417712
-0.352151 -0.320166 -0.333785
-0.357013 -0.360935 -0.351207
-0.380055 -0.360721 -0.370988
-0.250998 -0.134158 -0.009011
0.096888 0.154215 0.170473
0.157475 0.225574 0.239208
0.225511 0.328957 0.377429
0.446716 0.539890 0.562502
0.668364 0.564926 0.495610
0.480381 0.499368 0.516447
0.472852 0.477804 -0.998893
-0.749665 -0.745904 -0.741689
-0.745242 -0.760917 -0.816575
-0.795853 -0.633474 -0.515353
-0.421038 -0.324207 -0.309010
-0.326460 -0.341004 -0.338124
-0.321176 -0.352168 -0.368286
-0.375072 -0.211241 -0.127613
-0.018362 0.093219 0.133230
0.145547 0.131263 0.193660
0.232999 0.246604 0.352295
0.420351 0.444785 0.548819
0.562204 0.634072 0.605223
0.587385 0.571473 0.534522
0.541066 0.513044 0.566385
-0.998971 -0.742613 -0.753121
-0.752803 -0.743552 -0.782261
-0.837537 -0.804724 -0.645687
-0.566835 -0.438592 -0.327899
-0.309537 -0.293147 -0.307853
-0.306076 -0.265976 -0.271904
-0.328501 -0.334803 -0.229333
-0.136814 -0.046970 0.068465
0.101448 0.111062 0.116418
0.173299 0.220331 0.245396
0.339185 0.403544 0.471142
0.538928 0.571242 0.571729
0.551443 0.612311 0.619647
0.607442 0.598345 0.566629
0.591587 -0.999048 -0.739957
-0.744272 -0.734581 -0.779235
-0.812635 -0.830165 -0.756529
-0.639009 -0.560597 -0.423423
-0.359371 -0.310206 -0.288415
-0.286668 -0.255926 -0.216819
-0.215133 -0.253659 -0.255205
-0.193092 -0.147370 -0.049239
0.016743 0.052238 0.064851
0.102912 0.158123 0.191664
0.248461 0.346764 0.423345
0.494418 0.528730 0.560571
0.540526 0.514819 0.607542
0.610529 0.585980 0.617256
0.620890 0.633414 -0.999109
-0.731272 -0.726611 -0.764256
-0.769300 -0.809477 -0.815122
-0.765848 -0.608783 -0.558754
-0.477651 -0.373725 -0.313490
-0.298440 -0.275313 -0.220651
-0.193848 -0.211053 -0.210543
-0.211433 -0.168982 -0.114314
-0.059283 -0.030530 -0.021851
0.022239 0.077136 0.139998
0.174863 0.239536 0.357201
0.427190 0.515392 0.536087
0.565661 0.507493 0.502844
0.580444 0.558485 0.564143
0.606880 0.629972 0.658186
-0.999154 -0.721789 -0.723784
-0.743976 -0.761379 -0.794785
-0.812648 -0.764201 -0.626420
-0.529195 -0.442554 -0.365169
-0.324816 -0.303379 -0.256566
-0.203957 -0.208556 -0.181396
-0.197203 -0.186458 -0.130630
-0.096219 -0.092691 -0.067488
-0.053366 -0.017329 0.056762
0.136900 0.170030 0.236212
0.340229 0.447440 0.522568
0.529080 0.546773 0.499811
0.478258 0.565947 0.537335
0.542085 0.586365 0.630383
0.650924 -0.999200 -0.711647
-0.712716 -0.711145 -0.736498
-0.746765 -0.811417 -0.786805
-0.697979 -0.532190 -0.489570
-0.391156 -0.367537 -0.322305
-0.249523 -0.262551 -0.234515
-0.154532 -0.154602 -0.136355
-0.110022 -0.099682 -0.083899
-0.064524 -0.054535 -0.025436
0.018420 0.098857 0.153835
0.255937 0.425918 0.497682
0.532440 0.522339 0.522369
0.494676 0.520488 0.527982
0.545422 0.513010 0.539613
0.581510 0.632470 -0.999240
-0.708173 -0.708489 -0.710847
-0.713917 -0.746617 -0.789083
-0.725549 -0.636354 -0.503905
-0.413887 -0.387621 -0.370729
-0.345048 -0.317914 -0.328825
-0.285051 -0.163257 -0.139155
-0.132124 -0.097270 -0.082740
-0.084785 -0.063826 -0.066864
-0.008871 0.017943 0.082494
0.153374 0.255840 0.426531
0.507269 0.539427 0.523986
0.520454 0.507426 0.493436
0.497991 0.550779 0.521977
0.500861 0.522843 0.591248
-0.999275 -0.712413 -0.697261
-0.689031 -0.681186 -0.726453
-0.763760 -0.717293 -0.589668
-0.482400 -0.411930 -0.393063
-0.378084 -0.370238 -0.372328
-0.391970 -0.334380 -0.196220
-0.149153 -0.114938 -0.100146
-0.072904 -0.082160 -0.068711
-0.069643 -0.033906 0.019132
0.112071 0.182839 0.241028
0.347012 0.510403 0.538370
0.536420 0.513741 0.511624
0.473409 0.477393 0.534245
0.527165 0.491742 0.500801
0.542503 -0.999305 -0.710275
-0.672311 -0.674954 -0.698585
-0.715105 -0.744099 -0.717324
-0.702750 -0.471488 -0.440914
-0.390526 -0.385329 -0.399908
-0.419588 -0.427443 -0.358580
-0.214101 -0.183306 -0.121811
-0.104364 -0.077860 -0.083164
-0.060935 -0.044970 -0.010129
0.067484 0.139960 0.173273
0.243224 0.366882 0.459369
0.543909 0.534030 0.487274
0.493432 0.467137 0.492800
0.504599 0.526461 0.502858
0.515796 0.540695 -0.999332
-0.722716 -0.665998 -0.672458
-0.689043 -0.707061 -0.716041
-0.708431 -0.691661 -0.467011
-0.439112 -0.428557 -0.405604
-0.420882 -0.445094 -0.445491
-0.350201 -0.251626 -0.238356
-0.184209 -0.140449 -0.126656
-0.107236 -0.049644 0.007977
0.068114 0.140315 0.193178
0.201698 0.250282 0.365932
0.449753 0.533045 0.524663
0.474381 0.494797 0.465508
0.502276 0.496331 0.510994
0.520672 0.548752 0.563508
-0.999355 -0.705151 -0.695919
-0.665723 -0.665127 -0.686405
-0.698945 -0.703080 -0.678232
-0.490202 -0.465825 -0.453745
-0.419668 -0.446971 -0.440055
-0.450900 -0.370533 -0.287700
-0.281343 -0.220788 -0.186025
-0.153107 -0.130488 -0.053975
0.080276 0.123690 0.210310
0.244519 0.214238 0.255650
0.377203 0.437100 0.523088
0.517790 0.502503 0.473693
0.465550 0.482549 0.525143
0.569920 0.571719 0.564866
0.597501 -0.999376 -0.711212
-0.703334 -0.671970 -0.657148
-0.668383 -0.679564 -0.679750
-0.671285 -0.514329 -0.493281
-0.457661 -0.426405 -0.436639
-0.452566 -0.468515 -0.362072
-0.315780 -0.316488 -0.280009
-0.243523 -0.218051 -0.192022
-0.035987 0.133834 0.227082
0.256351 0.271760 0.265547
0.267077 0.377060 0.438587
0.512290 0.497050 0.468865
0.452710 0.450056 0.476279
0.560171 0.602775 0.604091
0.593526 0.628634 -0.999403
-0.706749 -0.667036 -0.651680
-0.647786 -0.657707 -0.676137
-0.674513 -0.670593 -0.536181
-0.512298 -0.461262 -0.427010
-0.441251 -0.458371 -0.471496
-0.411772 -0.322296 -0.363547
-0.370416 -0.309390 -0.264683
-0.211481 0.008007 0.190325
0.277702 0.333609 0.322043
0.304783 0.276531 0.364115
0.443319 0.495753 0.485457
0.442767 0.423840 0.446902
0.477027 0.569924 0.622776
0.630193 0.628357 0.657145
-0.999421 -0.685037 -0.651221
-0.618062 -0.646036 -0.658235
-0.654291 -0.681889 -0.671665
-0.536861 -0.509970 -0.462369
-0.427305 -0.436945 -0.448017
-0.471524 -0.410441 -0.313424
-0.387104 -0.390468 -0.369365
-0.338191 -0.244637 -0.027926
0.191304 0.292855 0.378237
0.361382 0.326913 0.290777
0.375705 0.473350 0.498326
0.476399 0.409660 0.411388
0.440422 0.483214 0.551818
0.633673 0.644860 0.651498
0.701565 -0.999438 -0.661794
-0.623585 -0.633257 -0.629356
-0.655617 -0.653069 -0.684568
-0.670621 -0.521422 -0.518008
-0.462570 -0.431632 -0.434477
-0.432088 -0.450995 -0.401042
-0.325279 -0.368509 -0.398701
-0.377850 -0.289270 -0.209227
-0.028010 0.191905 0.320289
0.381325 0.383323 0.321799
0.315434 0.396858 0.471756
0.484110 0.433169 0.398975
0.416137 0.425914 0.474035
0.587568 0.618094 0.656509
0.675576 0.694440 -0.999455
-0.676948 -0.610791 -0.615703
-0.618035 -0.653681 -0.659734
-0.688693 -0.675497 -0.521463
-0.498395 -0.450215 -0.421167
-0.427350 -0.408950 -0.438338
-0.409359 -0.338897 -0.366201
-0.378497 -0.338076 -0.248123
-0.154417 0.008871 0.167557
0.296589 0.361963 0.363484
0.293992 0.365752 0.458209
0.476131 0.456310 0.414553
0.408377 0.430548 0.424701
0.472891 0.609036 0.613923
0.637271 0.674427 0.707685
-0.999473 -0.633497 -0.603475
-0.593379 -0.608640 -0.651602
-0.649872 -0.692865 -0.679558
-0.527740 -0.485692 -0.430777
-0.381084 -0.381078 -0.403125
-0.430962 -0.434910 -0.369062
-0.383016 -0.321816 -0.285716
-0.206328 -0.118767 0.005600
0.127064 0.248751 0.319924
0.334152 0.359218 0.420676
0.468480 0.467145 0.417234
0.421298 0.409265 0.412228
0.528087 0.565125 0.625470
0.647504 0.687867 0.685972
0.704593 -0.999492 -0.621249
-0.608606 -0.605620 -0.605382
-0.618138 -0.650760 -0.690471
-0.674981 -0.526741 -0.464166
-0.416138 -0.317774 -0.328077
-0.410868 -0.440533 -0.448672
-0.400758 -0.350913 -0.294237
-0.274696 -0.196172 -0.067126
0.053992 0.132797 0.220021
0.276774 0.323089 0.400762
0.454841 0.476561 0.416441
0.394902 0.422840 0.407799
0.419167 0.541414 0.575565
0.632156 0.622197 0.686300
0.687314 0.695440 -0.999511
-0.620312 -0.617390 -0.615547
-0.586601 -0.641264 -0.669587
-0.681556 -0.658077 -0.516431
-0.455557 -0.395942 -0.311277
-0.283782 -0.349448 -0.407384
-0.426769 -0.426895 -0.368694
-0.295562 -0.217247 -0.141156
-0.066313 0.034965 0.134545
0.206623 0.246133 0.341241
0.409737 0.450808 0.441347
0.399889 0.388170 0.407482
0.410216 0.428506 0.557423
0.603883 0.599704 0.619663
0.685796 0.682627 0.690366
-0.999529 -0.999532 -0.608023
-0.614613 -0.594687 -0.607619
-0.656285 -0.672442 -0.659255
-0.654626 -0.609921 -0.450973
-0.388243 -0.302605 -0.277430
-0.312683 -0.376031 -0.408901
-0.426438 -0.418383 -0.316986
-0.180951 -0.112645 -0.053771
0.027072 0.129099 0.179799
0.271789 0.360281 0.408288
0.421296 0.395104 0.411810
0.391018 0.407384 0.427446
0.527281 0.547349 0.575005
0.561646 0.585192 0.661107
0.667001 0.678553 -0.999551
-0.573584 -0.591439 -0.587191
-0.599229 -0.620332 -0.661544
-0.682919 -0.662641 -0.643205
-0.590782 -0.545291 -0.411729
-0.318450 -0.266411 -0.287928
-0.339485 -0.387216 -0.412119
-0.424328 -0.352227 -0.176471
-0.096650 -0.027331 0.065719
0.143154 0.193229 0.273274
0.357566 0.390870 0.386610
0.387768 0.388465 0.387777
0.390916 0.424530 0.538686
0.539020 0.540617 0.538179
0.558243 0.610044 0.655370
-0.999574 -0.547887 -0.574820
-0.589771 -0.616948 -0.636572
-0.665689 -0.686961 -0.648676
-0.625741 -0.577831 -0.560709
-0.424239 -0.351808 -0.290906
-0.239936 -0.291356 -0.338558
-0.396062 -0.386524 -0.313184
-0.200639 -0.083110 -0.004331
0.092231 0.157124 0.224390
0.281797 0.308983 0.363628
0.374539 0.382304 0.382971
0.387750 0.385319 0.479989
0.482617 0.511984 0.411831
0.479346 0.501027 0.565903
0.633977 -0.999598 -0.531023
-0.556524 -0.582647 -0.625218
-0.643845 -0.660791 -0.665097
-0.632165 -0.601982 -0.574909
-0.558824 -0.459466 -0.396993
-0.306578 -0.217061 -0.272832
-0.277744 -0.322187 -0.324718
-0.260640 -0.163853 -0.057616
0.015953 0.093624 0.164845
0.218411 0.243781 0.292937
0.319561 0.363855 0.379970
0.365057 0.416822 0.449356
0.417203 0.336215 0.332037
0.339824 0.391911 0.307449
0.364956 -0.999622 -0.548971
-0.549407 -0.570625 -0.624992
-0.654787 -0.642017 -0.641486
-0.619669 -0.570515 -0.583819
-0.544837 -0.450141 -0.428339
-0.341947 -0.232805 -0.211351
-0.232216 -0.221697 -0.217415
-0.152784 -0.129404 -0.060706
0.008082 0.116819 0.199181
0.230864 0.256117 0.276456
0.307483 0.323016 0.363778
0.379313 0.419703 0.359818
0.313083 0.233887 0.165926
0.157613 0.076548 0.026901
-0.549574 -0.555855 -0.555025
-0.612840 -0.632267 -0.643569
-0.611655 -0.596538 -0.550948
-0.544160 -0.539575 -0.507558
-0.408628 -0.366814 -0.268323
-0.223567 -0.198427 -0.167922
-0.161856 -0.115687 -0.074157
-0.001446 0.037001 0.105975
0.222908 0.247844 0.269398
0.280367 0.305348 0.339384
0.358058 0.374605 0.374936
0.260278 0.174012 0.074061
-0.181576 -0.134152 -0.028840
0.063775 -0.999667 -0.556645
-0.543676 -0.597230 -0.605781
-0.630042 -0.573512 -0.574784
-0.520872 -0.485005 -0.513754
-0.485264 -0.450840 -0.371246
-0.301969 -0.224835 -0.169111
-0.145733 -0.122926 -0.104236
-0.064971 -0.001961 0.058354
0.122705 0.205958 0.265643
0.290559 0.334125 0.339577
0.347872 0.333275 0.349581
0.259475 0.174080 0.109761
-0.095587 -0.280221 -0.195365
-0.162729 -0.050198 -0.999691
-0.540384 -0.528790 -0.574582
-0.568629 -0.598134 -0.548835
-0.521031 -0.484468 -0.460629
-0.438967 -0.456604 -0.454642
-0.410634 -0.296851 -0.237483
-0.180437 -0.119326 -0.094057
-0.067005 -0.036869 0.011779
0.063106 0.124582 0.215473
0.263535 0.344837 0.360425
0.348924 0.329374 0.285329
0.290079 0.229474 0.049099
-0.056453 -0.261464 -0.358733
-0.304892 -0.201155 -0.274295
-0.999701 -0.519627 -0.498174
-0.502390 -0.526112 -0.563556
-0.524107 -0.478604 -0.444689
-0.439823 -0.429430 -0.420449
-0.426414 -0.414162 -0.352174
-0.277788 -0.177829 -0.132595
-0.101844 -0.078431 -0.021048
-0.011780 0.069464 0.146113
0.224973 0.326455 0.364084
0.362307 0.334095 0.292675
0.273507 0.260730 0.144525
0.068575 -0.153235 -0.299760
-0.403490 -0.360570 -0.335788
-0.999704 -0.485189 -0.483061
-0.474322 -0.450105 -0.487612
-0.514127 -0.475792 -0.435755
-0.406504 -0.434486 -0.414832
-0.398700 -0.399182 -0.359256
-0.302762 -0.207675 -0.159735
-0.131732 -0.090691 -0.058005
0.063278 0.152968 0.237571
0.297753 0.345606 0.353244
0.296442 0.284924 0.287798
0.264340 0.210609 0.068870
0.011640 -0.133575 -0.293490
-0.369405 -0.388306 -0.488271
-0.469341 -0.453283 -0.432492
-0.402691 -0.463281 -0.475935
-0.443720 -0.432459 -0.421416
-0.438244 -0.425824 -0.377864
-0.327809 -0.267538 -0.240132
-0.190941 -0.158488 -0.099780
-0.006798 0.089947 0.190812
0.265787 0.317474 0.331103
0.306235 0.289436 0.292240
0.281279 0.258631 0.176597
0.099127 0.043419 -0.014997
-0.144170 -0.332449 -0.453582
-0.431080 -0.415492 -0.403064
-0.430646 -0.448572 -0.476070
-0.487619 -0.451960 -0.431213
-0.435097 -0.393352 -0.297560
-0.269601 -0.250863 -0.222103
-0.199836 -0.085593 0.004000
0.094621 0.217694 0.312366
0.335497 0.325807 0.304213
0.258835 0.263209 0.279941
0.252370 0.141790 0.136329
0.094559 0.075627 -0.092949
-0.248786 -0.424184 -0.406235
-0.394524 -0.419572 -0.461202
-0.488198 -0.483891 -0.486238
-0.447401 -0.430571 -0.363528
-0.295709 -0.279231 -0.241450
-0.234473 -0.161378 -0.099652
0.026802 0.092523 0.235745
0.327637 0.334562 0.329635
0.292595 0.258932 0.262625
0.289081 0.272107 0.210567
0.185487 0.114048 0.079189
-0.005572 -0.402666 -0.414175
-0.426451 -0.444992 -0.465999
-0.482231 -0.493386 -0.488270
-0.413175 -0.346426 -0.263482
-0.256325 -0.221870 -0.205887
-0.126264 -0.108080 0.022415
0.111383 0.258610 0.335355
0.327049 0.291418 0.272882
0.270635 0.280772 0.306761
0.304917 0.300130 0.262668
0.225427 0.146909 0.144153
-0.965129 -0.965163 -0.440428
-0.458534 -0.454074 -0.491283
-0.491901 -0.438632 -0.328861
-0.257675 -0.227433 -0.200592
-0.167594 -0.127435 -0.050694
0.044346 0.171290 0.275218
0.308023 0.306248 0.290430
0.299247 0.302762 0.282894
0.286998 0.291041 0.287865
0.283694 0.230842 0.181817
0.169769 -0.964121 -0.964207
-0.452104 -0.452371 -0.477858
-0.465207 -0.424132 -0.318066
-0.270753 -0.214638 -0.178844
-0.155937 -0.101481 -0.038317
0.059808 0.173393 0.272556
0.292397 0.279337 0.284024
0.290871 0.286937 0.273084
0.285877 0.292399 0.292697
0.283406 0.264445 0.246385
-0.963455 -0.460399 -0.434641
-0.457915 -0.441971 -0.364285
-0.320041 -0.271733 -0.226175
-0.186411 -0.149414 -0.105635
-0.054478 0.050142 0.161197
0.217904 0.252424 0.260577
0.250238 0.261132 0.261089
0.234424 0.262460 0.288525
0.299296 0.291871 0.281169
-0.963213 -0.429800 -0.398978
-0.375718 -0.329325 -0.252196
-0.181640 -0.187415 -0.186485
-0.159572 -0.104433 -0.045587
0.030549 0.098804 0.164214
0.212600 0.223943 0.213145
0.155741 0.165978 0.217114
0.230221 0.268424 0.272527
0.282853 -0.961638 -0.374911
-0.360878 -0.332734 -0.285584
-0.223533 -0.160743 -0.120776
-0.163720 -0.142472 -0.092776
-0.046383 0.009791 0.062144
0.085509 0.117644 0.135378
0.104420 0.100468 0.141178
0.179207 0.221341 0.224522
0.258497 -0.324434 -0.322076
-0.310446 -0.264482 -0.200872
-0.136767 -0.083025 -0.119536
-0.111204 -0.084260 -0.048553
-0.006748 0.020158 0.046994
0.052302 0.038929 0.044615
0.077986 0.106530 0.155861
0.191025 0.218407 -0.269647
-0.293057 -0.244999 -0.197602
-0.070905 -0.049135 -0.105261
-0.111818 -0.075525 -0.045341
-0.033280 -0.011539 0.008232
0.010985 -0.003115 0.005496
0.054203 0.096366 0.112741
0.174121 -0.236327 -0.058174
-0.059682 -0.045313 -0.031686
-0.103824 -0.056296 -0.009039
-0.040739 -0.031413 -0.022055
-0.022804 -0.035249 -0.056124
-0.070320 -0.025290 0.056943
0.106947 -0.960532 0.063388
0.117463 0.074736 -0.022457
-0.046654 -0.024716 0.005498
0.038443 0.045625 0.010305
-0.020088 -0.012020 -0.046077
-0.064947 -0.057645 -0.021016
-0.960193 -0.961602 0.044694
0.024758 -0.008956 -0.004760
-0.010264 0.020893 0.046673
0.022036 -0.000432 0.022414
0.011015 -0.035937 -0.057011
-0.050406 -0.958325 -0.961409
0.023675 0.024240 -0.012057
0.012855 -0.027484 0.006106
0.037433 0.005455 -0.002774
0.012997 0.015819 0.002496
-0.036173 -0.958593 0.102825
0.023689 -0.004802 0.003779
-0.037894 -0.033818 -0.033616
0.029915 0.044142 0.010688
-0.956389 0.098265 0.012451
-0.004697 -0.013287 -0.042587
-0.026752 -0.028043 0.078215
-0.004971 0.003115 -0.038600
-0.042413 -0.002114 0.003045
-0.037010 -0.110789 -0.133394
-0.827243 -0.825610 -0.136226
-0.109012 -0.101014 -0.105604
-0.110620 -0.835196 -0.830401
-0.824201 -0.821185 -0.823764
-0.828894 -0.830551 -0.118985
-0.105406 -0.829601 -0.843779
-0.833433 -0.826986 -0.824888
-0.823256 -0.829328 -0.833169
-0.830429 -0.834110 -0.836616
-0.847181 -0.842523 -0.840323
-0.824910 -0.829573 -0.838953
-0.841082 -0.837149 -0.843053
-0.846379 -0.846660 -0.842499
-0.853616 -0.865105 -0.856843
-0.851500 -0.848727 -0.840688
-0.859704 -0.857534 -0.860716
-0.855045 -0.849624 -0.835265
-0.836580 -0.833680 -0.832229
-0.829205 -0.835423 -0.830234
-0.840092 -0.870296 -0.864648
-0.863466 -0.859401 -0.849781
-0.835606 -0.821909 -0.809888
-0.809520 -0.813516 -0.809560
-0.784932 -0.819844 -0.860067
-0.843808 -0.850436 -0.859211
-0.872345 -0.863407 -0.836005
-0.815116 -0.787096 -0.778081
-0.774073 -0.756485 -0.808602
-0.819673 -0.820884 -0.815156
-0.824664 -0.826568 -0.831928
-0.844636 -0.847042 -0.808924
-0.779901 -0.760158 -0.755840
-0.594991 -0.583921 -0.596746
-0.624068 -0.679917 -0.720653
-0.762436 -0.790170 -0.808444
-0.805957 -0.809043 -0.822051
-0.826778 -0.829213 -0.825583
-0.822867 -0.814637 -0.785528
-0.777493 -0.766217 -0.771003
-0.632379 -0.605045 -0.609717
-0.601779 -0.610247 -0.602450
-0.671218 -0.716207 -0.784375
-0.832103 -0.841524 -0.809747
-0.842952 -0.841346 -0.812364
-0.814996 -0.815402 -0.814641
-0.814797 -0.803300 -0.783273
-0.788746 -0.785086 -0.790631
-0.117431 -0.213078 -0.215391
-0.677897 -0.669397 -0.611993
-0.600455 -0.598032 -0.610293
-0.613744 -0.663779 -0.700902
-0.722352 -0.845710 -0.854360
-0.857607 -0.855212 -0.854403
-0.844437 -0.847032 -0.851937
-0.855894 -0.832558 -0.818489
-0.796583 -0.776111 -0.771686
-0.790396 -0.804607 -0.835341
-0.860565 -0.194923 -0.197715
-0.831499 -0.744970 -0.687362
-0.652859 -0.620100 -0.602562
-0.614860 -0.630620 -0.657547
-0.684307 -0.814769 -0.860292
-0.887216 -0.908902 -0.909345
-0.917205 -0.906684 -0.893511
-0.882711 -0.857753 -0.857517
-0.854427 -0.849420 -0.807693
-0.756778 -0.749085 -0.755967
-0.779011 -0.826055 -0.865716
-0.913920 -0.175127 -0.892551
-0.835518 -0.806737 -0.757375
-0.708883 -0.632865 -0.615331
-0.626588 -0.621380 -0.659141
-0.697547 -0.803844 -0.844073
-0.881589 -0.915630 -0.928411
-0.927838 -0.916070 -0.911977
-0.907492 -0.899347 -0.883467
-0.870309 -0.864127 -0.848118
-0.829628 -0.832643 -0.728450
-0.739819 -0.800160 -0.833950
-0.879156 -0.914812 -0.114400
-0.027409 -0.928851 -0.925020
-0.878251 -0.893100 -0.813866
-0.771829 -0.679280 -0.623482
-0.624010 -0.635664 -0.657947
-0.687339 -0.789152 -0.830348
-0.862950 -0.897494 -0.928932
-0.931814 -0.928133 -0.923969
-0.917328 -0.914766 -0.913230
-0.905616 -0.895658 -0.880731
-0.869794 -0.824929 -0.810412
-0.750011 -0.713992 -0.786349
-0.831404 -0.903924 -0.951308
-0.954490 -0.970755 -0.026565
-0.938813 -0.911660 -0.928420
-0.879617 -0.849426 -0.798176
-0.671938 -0.620515 -0.615421
-0.658674 -0.672611 -0.726850
-0.817035 -0.856131 -0.885771
-0.917067 -0.931536 -0.933091
-0.924250 -0.921440 -0.918379
-0.908197 -0.897616 -0.898789
-0.897661 -0.894368 -0.881679
-0.862068 -0.815983 -0.784047
-0.732310 -0.711520 -0.745385
-0.881021 -0.959443 -0.971429
-0.973418 -0.025768 -0.904224
-0.933101 -0.898776 -0.912245
-0.890622 -0.770361 -0.663568
-0.618722 -0.644646 -0.694764
-0.789672 -0.805171 -0.843612
-0.890102 -0.910241 -0.925536
-0.926582 -0.915333 -0.906056
-0.897491 -0.891694 -0.887702
-0.887700 -0.885184 -0.881889
-0.881196 -0.884699 -0.882534
-0.862052 -0.792941 -0.747243
-0.686763 -0.713786 -0.855237
-0.956838 -0.974443 -0.967799
-0.962479 -0.025023 -0.865088
-0.926898 -0.905138 -0.925056
-0.875754 -0.764058 -0.648408
-0.610769 -0.657607 -0.741637
-0.816651 -0.836170 -0.864268
-0.911579 -0.925675 -0.917362
-0.910343 -0.905542 -0.903769
-0.898600 -0.895304 -0.896068
-0.888736 -0.884037 -0.889888
-0.890525 -0.893640 -0.891559
-0.882526 -0.853459 -0.792157
-0.683281 -0.686369 -0.831583
-0.930074 -0.954654 -0.961758
-0.959247 -0.963407 -0.024409
-0.830276 -0.879790 -0.887943
-0.892490 -0.856762 -0.690446
-0.600121 -0.663668 -0.720435
-0.840303 -0.855767 -0.880630
-0.899138 -0.925045 -0.914855
-0.911116 -0.911857 -0.917099
-0.924667 -0.911564 -0.927938
-0.936191 -0.935931 -0.931097
-0.918164 -0.899711 -0.906788
-0.915494 -0.905492 -0.889984
-0.819453 -0.786972 -0.645213
-0.788713 -0.867643 -0.928848
-0.932278 -0.941212 -0.940484
-0.023771 -0.023777 -0.779968
-0.808293 -0.817122 -0.807651
-0.702578 -0.632542 -0.659591
-0.691057 -0.856544 -0.881811
-0.879966 -0.904735 -0.920383
-0.914657 -0.914126 -0.910211
-0.920848 -0.919129 -0.907629
-0.916431 -0.921206 -0.927526
-0.939534 -0.950357 -0.954059
-0.945122 -0.938199 -0.927177
-0.915491 -0.895223 -0.876912
-0.802373 -0.649359 -0.744482
-0.810367 -0.901635 -0.895792
-0.916087 -0.906867 -0.856523
-0.023201 -0.737167 -0.746411
-0.745738 -0.753945 -0.721124
-0.682114 -0.579871 -0.671514
-0.801256 -0.866569 -0.892220
-0.905907 -0.922985 -0.913483
-0.915767 -0.913296 -0.921409
-0.932589 -0.917258 -0.927340
-0.938858 -0.957344 -0.955061
-0.955709 -0.958497 -0.964679
-0.956337 -0.956360 -0.952569
-0.927876 -0.907576 -0.881557
-0.815023 -0.798452 -0.628960
-0.768858 -0.853170 -0.835316
-0.832993 -0.871887 -0.850242
-0.022617 -0.700142 -0.709824
-0.674377 -0.697455 -0.681603
-0.568136 -0.573987 -0.733948
-0.813067 -0.873014 -0.902976
-0.924459 -0.922993 -0.914423
-0.919122 -0.925123 -0.917259
-0.924997 -0.916780 -0.961412
-0.984488 -0.995579 -0.989643
-0.982699 -0.978945 -0.979621
-0.961501 -0.958902 -0.963185
-0.932038 -0.916950 -0.887743
-0.831398 -0.818272 -0.701879
-0.727562 -0.776216 -0.811927
-0.804597 -0.802034 -0.851068
-0.850291 -0.022166 -0.661390
-0.664945 -0.669818 -0.665160
-0.645700 -0.555234 -0.565926
-0.740599 -0.828601 -0.874352
-0.916559 -0.921877 -0.919956
-0.917861 -0.930540 -0.940400
-0.934030 -0.928816 -0.926271
-0.976770 -0.991098 -0.999424
-0.995585 -0.990903 -0.988119
-0.988695 -0.976275 -0.963913
-0.960894 -0.929451 -0.903367
-0.892373 -0.831096 -0.821248
-0.757486 -0.715431 -0.709257
-0.738118 -0.783753 -0.788956
-0.822951 -0.795172 -0.021774
-0.668590 -0.655744 -0.656113
-0.665798 -0.618039 -0.536164
-0.576894 -0.753009 -0.809536
-0.882270 -0.926872 -0.928790
-0.939093 -0.937311 -0.943814
-0.959950 -0.961911 -0.944437
-0.940946 -0.969107 -0.981993
-0.991269 -0.992091 -0.993207
-0.993787 -0.992396 -0.983132
-0.972250 -0.964853 -0.937335
-0.913609 -0.881817 -0.842277
-0.820162 -0.817980 -0.827070
-0.740662 -0.741980 -0.744267
-0.760781 -0.784582 -0.771918
-0.021370 -0.667309 -0.660671
-0.673534 -0.614830 -0.574235
-0.552282 -0.650974 -0.766125
-0.825838 -0.902635 -0.928282
-0.944521 -0.949594 -0.951453
-0.963316 -0.975425 -0.976470
-0.966686 -0.958395 -0.959553
-0.962848 -0.971211 -0.978516
-0.988820 -0.995664 -0.993840
-0.987399 -0.981304 -0.968310
-0.937477 -0.905964 -0.868166
-0.846754 -0.826369 -0.840839
-0.857167 -0.787100 -0.779700
-0.781150 -0.750547 -0.750710
-0.740824 -0.021089 -0.668010
-0.672337 -0.633269 -0.628966
-0.580614 -0.579281 -0.642791
-0.793299 -0.829333 -0.878182
-0.927443 -0.949561 -0.954040
-0.961213 -0.975332 -0.980921
-0.976485 -0.976179 -0.972062
-0.974501 -0.969553 -0.972280
-0.977466 -0.987787 -0.994874
-0.993906 -0.988677 -0.983352
-0.970708 -0.933498 -0.903845
-0.854108 -0.838697 -0.821065
-0.858825 -0.863580 -0.814289
-0.829083 -0.801530 -0.770580
-0.753094 -0.726945 -0.020916
-0.673051 -0.671575 -0.652648
-0.631775 -0.599300 -0.582428
-0.644538 -0.776877 -0.845064
-0.892947 -0.925602 -0.939545
-0.949113 -0.962789 -0.973211
-0.976909 -0.982810 -0.978629
-0.978705 -0.985527 -0.987489
-0.989479 -0.991476 -0.991759
-0.995924 -0.996857 -0.989089
-0.984207 -0.970081 -0.939758
-0.893629 -0.850343 -0.843489
-0.834025 -0.863374 -0.877178
-0.824430 -0.843304 -0.836246
-0.801550 -0.767198 -0.749132
-0.020724 -0.678592 -0.680149
-0.683566 -0.660061 -0.648907
-0.583828 -0.614623 -0.707979
-0.838930 -0.862984 -0.910970
-0.920298 -0.936884 -0.959235
-0.960392 -0.971831 -0.987958
-0.987802 -0.989643 -0.991062
-0.991378 -0.994094 -0.995868
-0.997101 -0.998401 -0.999230
-0.994864 -0.987894 -0.966147
-0.903696 -0.866733 -0.845569
-0.851181 -0.851392 -0.867379
-0.853274 -0.849241 -0.838155
-0.858366 -0.841576 -0.810746
-0.766426 -0.020571 -0.686784
-0.688916 -0.688249 -0.689513
-0.662793 -0.613998 -0.680421
-0.762085 -0.852391 -0.896980
-0.910131 -0.916513 -0.925907
-0.944120 -0.943613 -0.958249
-0.985921 -0.987416 -0.989171
-0.994119 -0.995809 -0.996029
-0.997711 -0.997468 -0.999623
-0.999555 -0.996210 -0.987813
-0.966424 -0.904441 -0.861737
-0.842023 -0.851723 -0.853838
-0.861641 -0.869690 -0.866905
-0.834355 -0.851774 -0.864535
-0.849497 -0.801276 -0.020452
-0.685971 -0.700368 -0.711902
-0.721377 -0.683846 -0.643256
-0.693684 -0.802502 -0.867719
-0.903436 -0.908329 -0.919738
-0.923639 -0.927714 -0.919619
-0.939102 -0.976043 -0.977731
-0.982630 -0.983245 -0.990229
-0.990271 -0.991626 -0.993972
-0.997050 -0.997518 -0.991487
-0.981121 -0.968220 -0.936045
-0.858005 -0.841280 -0.842742
-0.856256 -0.857396 -0.878250
-0.877002 -0.839675 -0.839967
-0.864107 -0.859322 -0.836784
-0.020362 -0.688771 -0.728598
-0.724121 -0.705037 -0.691873
-0.663491 -0.696591 -0.711398
-0.879470 -0.895641 -0.918345
-0.921904 -0.916101 -0.905966
-0.900946 -0.928848 -0.968219
-0.966503 -0.973424 -0.971554
-0.968930 -0.963061 -0.959349
-0.970659 -0.981828 -0.985974
-0.983766 -0.979420 -0.967567
-0.927181 -0.885154 -0.835282
-0.841317 -0.868735 -0.864225
-0.876736 -0.866057 -0.855824
-0.839713 -0.857683 -0.853408
-0.837767 -0.020297 -0.678694
-0.734892 -0.727325 -0.715494
-0.701344 -0.694617 -0.705694
-0.722140 -0.882691 -0.896752
-0.903511 -0.913928 -0.906399
-0.893517 -0.893454 -0.933220
-0.959920 -0.957108 -0.958183
-0.956481 -0.950837 -0.941443
-0.933453 -0.947442 -0.967586
-0.973073 -0.974370 -0.975359
-0.966445 -0.929161 -0.890862
-0.842447 -0.845242 -0.873984
-0.861979 -0.875751 -0.854620
-0.863931 -0.854626 -0.852167
-0.835576 -0.825296 -0.020252
-0.701221 -0.711737 -0.738531
-0.742872 -0.726363 -0.714885
-0.711091 -0.733715 -0.869192
-0.884391 -0.891078 -0.907306
-0.893889 -0.896645 -0.890638
-0.927449 -0.954424 -0.950869
-0.961565 -0.959528 -0.949258
-0.936341 -0.940543 -0.954007
-0.972426 -0.970173 -0.966191
-0.975855 -0.966724 -0.926048
-0.899230 -0.851812 -0.853155
-0.862700 -0.876783 -0.879208
-0.868354 -0.847888 -0.820807
-0.820448 -0.825171 -0.800911
-0.020223 -0.698020 -0.706563
-0.738838 -0.751420 -0.743694
-0.733544 -0.732615 -0.740256
-0.857152 -0.869836 -0.889101
-0.904385 -0.899504 -0.891700
-0.883323 -0.931848 -0.948428
-0.947486 -0.954210 -0.954616
-0.945938 -0.941331 -0.960386
-0.964585 -0.960211 -0.962743
-0.961168 -0.964089 -0.963210
-0.925804 -0.898002 -0.858086
-0.867719 -0.882425 -0.890119
-0.891063 -0.875472 -0.825454
-0.797703 -0.796765 -0.803775
-0.770869 -0.020170 -0.705401
-0.743807 -0.758181 -0.761817
-0.753083 -0.736737 -0.738036
-0.741392 -0.844094 -0.858807
-0.887240 -0.904240 -0.897160
-0.888667 -0.881862 -0.911282
-0.946591 -0.931576 -0.928004
-0.948221 -0.950832 -0.956719
-0.976626 -0.966037 -0.955090
-0.942352 -0.946724 -0.951401
-0.959522 -0.929218 -0.891890
-0.864763 -0.872905 -0.896377
-0.905698 -0.894509 -0.878781
-0.821691 -0.781491 -0.773753
-0.768940 -0.742666 -0.020171
-0.728508 -0.758847 -0.786111
-0.763227 -0.752657 -0.756093
-0.730724 -0.740211 -0.843491
-0.859938 -0.886512 -0.904058
-0.899409 -0.893928 -0.881328
-0.911323 -0.949333 -0.921869
-0.920366 -0.928887 -0.938510
-0.967966 -0.997652 -0.979848
-0.955881 -0.925701 -0.931236
-0.942353 -0.953001 -0.920135
-0.871724 -0.856151 -0.875013
-0.909667 -0.908612 -0.893100
-0.872013 -0.825887 -0.762804
-0.753173 -0.741381 -0.687067
-0.020183 -0.749606 -0.781433
-0.773257 -0.776339 -0.753120
-0.755667 -0.726878 -0.740357
-0.852755 -0.854507 -0.885733
-0.901478 -0.899808 -0.900416
-0.891367 -0.914426 -0.944442
-0.928039 -0.915987 -0.924727
-0.953718 -0.967733 -0.983271
-0.970041 -0.944947 -0.921245
-0.918807 -0.941695 -0.942586
-0.904771 -0.859316 -0.855248
-0.890450 -0.908663 -0.899907
-0.894597 -0.870663 -0.786123
-0.749654 -0.725519 -0.699790
-0.678899 -0.020208 -0.734602
-0.790698 -0.785062 -0.782199
-0.751203 -0.745494 -0.722005
-0.734294 -0.852226 -0.864793
-0.889386 -0.903113 -0.898051
-0.902938 -0.888979 -0.904448
-0.935813 -0.927832 -0.921573
-0.934362 -0.951233 -0.961827
-0.968510 -0.960478 -0.938099
-0.921157 -0.922403 -0.948922
-0.913683 -0.861857 -0.847688
-0.863449 -0.892060 -0.897480
-0.883644 -0.885046 -0.864163
-0.758669 -0.742904 -0.724486
-0.689868 -0.669314 -0.020249
-0.768623 -0.789892 -0.799179
-0.787625 -0.750673 -0.750688
-0.714733 -0.727275 -0.844023
-0.867034 -0.895643 -0.915941
-0.908854 -0.892566 -0.884098
-0.884170 -0.916693 -0.914045
-0.937473 -0.943826 -0.960343
-0.961576 -0.964687 -0.953721
-0.943569 -0.928228 -0.926966
-0.913500 -0.878410 -0.841244
-0.841602 -0.878496 -0.883676
-0.890596 -0.887358 -0.812496
-0.781367 -0.733534 -0.719746
-0.692189 -0.692060 -0.671520
-0.020307 -0.773357 -0.780726
-0.784894 -0.784067 -0.773554
-0.749268 -0.714811 -0.726101
-0.839410 -0.875732 -0.898811
-0.934953 -0.925200 -0.881367
-0.871089 -0.867302 -0.892477
-0.917756 -0.937089 -0.941742
-0.952129 -0.953578 -0.956189
-0.949910 -0.942563 -0.931904
-0.922392 -0.885748 -0.850043
-0.834468 -0.871071 -0.889556
-0.880202 -0.886166 -0.877451
-0.801776 -0.769540 -0.719768
-0.750074 -0.696046 -0.691919
-0.681623 -0.020387 -0.766735
-0.768118 -0.769796 -0.790553
-0.754517 -0.732128 -0.719672
-0.737326 -0.842903 -0.873862
-0.902967 -0.934656 -0.942043
-0.912276 -0.880039 -0.864787
-0.866076 -0.899981 -0.934930
-0.943356 -0.949854 -0.950992
-0.943379 -0.945011 -0.937761
-0.936998 -0.904687 -0.868889
-0.847003 -0.867042 -0.888255
-0.890130 -0.886098 -0.884824
-0.872052 -0.778040 -0.742213
-0.767924 -0.760455 -0.699343
-0.701310 -0.688972 -0.020528
-0.020494 -0.773005 -0.766809
-0.773992 -0.769202 -0.738462
-0.728143 -0.737296 -0.740202
-0.770291 -0.874376 -0.906159
-0.939314 -0.943639 -0.930596
-0.893821 -0.873263 -0.855523
-0.866719 -0.918890 -0.952953
-0.953981 -0.948911 -0.950040
-0.938334 -0.936766 -0.913385
-0.876664 -0.858664 -0.854439
-0.877498 -0.878479 -0.880301
-0.879441 -0.873699 -0.780831
-0.766963 -0.765256 -0.800420
-0.783919 -0.727786 -0.718176
-0.707871 -0.020668 -0.801748
-0.787090 -0.782024 -0.772435
-0.760023 -0.732828 -0.713501
-0.732740 -0.744357 -0.780975
-0.813639 -0.896246 -0.937685
-0.954002 -0.943796 -0.921218
-0.893381 -0.859608 -0.851807
-0.881663 -0.942116 -0.958413
-0.959710 -0.926144 -0.914954
-0.894514 -0.875148 -0.850038
-0.848327 -0.864967 -0.863853
-0.867664 -0.872869 -0.878399
-0.863702 -0.762529 -0.769859
-0.789067 -0.823355 -0.813417
-0.778718 -0.740861 -0.020848
-0.822336 -0.797330 -0.784286
-0.762462 -0.751323 -0.729019
-0.708512 -0.738255 -0.746295
-0.783023 -0.797934 -0.884950
-0.925715 -0.948399 -0.964125
-0.944844 -0.919936 -0.883956
-0.863496 -0.867966 -0.899372
-0.908844 -0.907538 -0.893481
-0.878841 -0.851256 -0.836179
-0.842342 -0.844187 -0.845812
-0.850260 -0.853514 -0.851985
-0.857958 -0.768676 -0.770521
-0.809127 -0.890081 -0.868746
-0.864709 -0.823915 -0.770697
-0.021072 -0.831144 -0.813761
-0.798633 -0.766223 -0.751747
-0.734715 -0.723399 -0.747903
-0.759997 -0.773174 -0.791713
-0.860771 -0.894756 -0.940059
-0.968452 -0.951497 -0.944025
-0.909034 -0.880319 -0.872004
-0.866747 -0.869582 -0.865492
-0.861081 -0.842753 -0.830472
-0.834936 -0.817220 -0.815932
-0.820754 -0.823585 -0.827790
-0.800264 -0.745063 -0.788675
-0.879133 -0.913048 -0.928373
-0.919168 -0.945943 -0.920533
-0.021349 -0.821493 -0.822264
-0.808589 -0.765700 -0.741832
-0.751028 -0.742737 -0.751259
-0.780286 -0.768919 -0.784461
-0.858675 -0.871619 -0.913199
-0.952643 -0.961196 -0.948101
-0.937179 -0.902669 -0.884703
-0.864297 -0.863119 -0.857510
-0.864614 -0.839232 -0.823450
-0.807821 -0.801358 -0.788982
-0.788416 -0.785708 -0.737028
-0.733085 -0.779371 -0.867277
-0.928745 -0.979779 -0.987274
-0.982487 -0.974815 -0.820253
-0.816741 -0.819464 -0.773243
-0.751280 -0.739965 -0.761280
-0.760655 -0.784279 -0.777868
-0.767159 -0.782889 -0.862656
-0.877518 -0.922695 -0.939517
-0.939967 -0.939215 -0.917882
-0.905481 -0.888108 -0.878228
-0.869516 -0.857520 -0.825484
-0.812879 -0.803761 -0.783924
-0.769947 -0.755406 -0.731106
-0.725712 -0.733493 -0.877944
-0.929508 -0.973732 -0.981381
-0.983374 -0.985193 -0.986557
-0.022038 -0.813975 -0.822551
-0.780500 -0.762790 -0.740811
-0.770664 -0.759983 -0.782302
-0.782638 -0.759954 -0.758778
-0.775564 -0.848776 -0.873321
-0.906597 -0.920473 -0.915100
-0.901610 -0.889118 -0.875422
-0.865045 -0.852432 -0.843589
-0.824609 -0.815744 -0.795847
-0.742090 -0.732722 -0.720169
-0.725634 -0.744165 -0.867414
-0.910140 -0.952101 -0.991218
-0.959886 -0.978757 -0.979869
-0.992330 -0.022612 -0.817301
-0.823418 -0.789942 -0.778823
-0.747789 -0.766487 -0.772323
-0.773480 -0.780578 -0.779222
-0.749305 -0.746723 -0.763779
-0.848090 -0.863008 -0.883690
-0.896104 -0.884520 -0.875787
-0.870110 -0.865215 -0.868907
-0.855764 -0.842210 -0.825798
-0.749931 -0.723873 -0.723169
-0.749214 -0.824364 -0.828624
-0.866207 -0.915721 -0.962578
-0.954220 -0.933428 -0.952009
-0.979510 -0.947294 -0.023160
-0.820950 -0.829742 -0.811755
-0.792423 -0.741430 -0.755948
-0.776421 -0.779109 -0.761571
-0.769677 -0.774967 -0.737694
-0.738531 -0.767475 -0.793084
-0.854899 -0.863963 -0.872051
-0.875422 -0.883150 -0.877314
-0.876815 -0.866609 -0.833180
-0.736135 -0.719594 -0.724024
-0.754551 -0.812086 -0.821369
-0.837232 -0.903260 -0.940490
-0.956398 -0.933671 -0.905615
-0.932662 -0.939682 -0.023779
-0.827859 -0.822481 -0.822516
-0.826924 -0.771625 -0.738084
-0.752571 -0.777793 -0.787651
-0.764536 -0.769990 -0.789508
-0.756741 -0.763006 -0.763893
-0.788093 -0.803269 -0.832056
-0.860400 -0.869863 -0.844379
-0.803754 -0.767348 -0.743637
-0.728434 -0.751902 -0.810676
-0.815574 -0.817491 -0.830930
-0.853738 -0.916159 -0.931206
-0.923285 -0.902724 -0.895298
-0.915205 -0.819179 -0.816525
-0.822908 -0.810766 -0.818130
-0.756312 -0.732701 -0.756863
-0.765972 -0.786026 -0.774743
-0.784780 -0.803342 -0.787169
-0.780550 -0.797721 -0.817927
-0.831331 -0.846391 -0.833635
-0.822211 -0.795514 -0.765072
-0.744072 -0.768951 -0.788125
-0.804288 -0.815586 -0.821557
-0.826739 -0.853667 -0.836294
-0.829203 -0.849442 -0.861934
-0.899831 -0.812602 -0.808255
-0.813763 -0.805341 -0.782017
-0.746299 -0.732292 -0.740189
-0.776439 -0.798737 -0.810718
-0.827015 -0.858574 -0.860669
-0.817769 -0.829068 -0.841239
-0.836168 -0.848437 -0.827730
-0.810178 -0.811132 -0.786175
-0.782973 -0.789926 -0.820585
-0.820811 -0.826752 -0.837049
-0.871340 -0.793050 -0.781027
-0.786038 -0.820051 -0.832125
-0.800715 -0.802714 -0.801732
-0.788093 -0.745192 -0.747313
-0.747061 -0.769685 -0.810364
-0.824703 -0.845970 -0.860590
-0.864048 -0.871162 -0.856213
-0.859034 -0.859714 -0.853292
-0.845726 -0.827013 -0.793560
-0.786038 -0.787192 -0.813402
-0.827434 -0.829343 -0.796948
-0.790183 -0.779167 -0.771032
-0.768911 -0.773011 -0.769606
-0.797632 -0.795664 -0.789828
-0.762598 -0.734894 -0.736564
-0.736881 -0.755045 -0.828263
-0.847900 -0.859604 -0.858616
-0.851774 -0.840184 -0.844867
-0.861053 -0.861042 -0.848573
-0.801896 -0.771073 -0.782154
-0.819570 -0.833792 -0.805309
-0.797680 -0.787080 -0.788450
-0.793530 -0.806391 -0.795170
-0.787158 -0.784447 -0.174737
-0.176059 -0.728717 -0.721391
-0.712317 -0.704129 -0.718425
-0.719991 -0.822744 -0.851219
-0.841230 -0.825055 -0.839216
-0.822936 -0.823413 -0.828865
-0.820075 -0.793200 -0.798541
-0.812532 -0.808919 -0.798580
-0.797531 -0.805812 -0.805150
-0.801602 -0.839504 -0.829227
-0.833247 -0.821019 -0.803939
-0.175890 -0.177164 -0.703905
-0.703734 -0.690548 -0.702359
-0.707040 -0.771219 -0.791279
-0.814942 -0.818584 -0.813002
-0.793557 -0.799217 -0.797390
-0.788074 -0.791849 -0.796205
-0.781596 -0.784349 -0.796874
-0.811814 -0.826923 -0.867353
-0.866536 -0.857046 -0.850567
-0.837652 -0.831256 -0.176587
-0.710222 -0.719902 -0.700256
-0.686842 -0.691025 -0.686966
-0.678507 -0.677658 -0.677524
-0.692560 -0.748635 -0.752461
-0.758645 -0.745206 -0.741427
-0.742165 -0.753186 -0.781402
-0.800649 -0.829259 -0.879346
-0.882044 -0.882778 -0.867515
-0.868573 -0.856353 -0.176759
-0.684652 -0.719348 -0.729208
-0.725492 -0.706075 -0.686002
-0.659719 -0.644621 -0.664387
-0.676149 -0.692962 -0.691537
-0.706174 -0.721685 -0.744423
-0.769400 -0.797358 -0.867455
-0.889724 -0.892752 -0.893372
-0.891361 -0.897904 -0.887096
-0.166947 -0.690427 -0.701979
-0.707664 -0.703847 -0.739194
-0.748020 -0.729322 -0.689177
-0.672875 -0.671034 -0.665024
-0.678362 -0.695022 -0.730250
-0.758393 -0.805303 -0.829151
-0.862839 -0.882690 -0.891310
-0.895016 -0.899523 -0.904007
-0.718366 -0.705907 -0.700550
-0.722002 -0.698602 -0.721671
-0.719191 -0.682711 -0.670621
-0.658603 -0.643681 -0.653113
-0.681615 -0.705085 -0.726137
-0.748726 -0.791921 -0.816481
-0.829411 -0.852886 -0.860287
-0.873395 -0.748022 -0.695147
-0.701909 -0.726028 -0.740449
-0.724419 -0.708179 -0.652613
-0.640264 -0.628037 -0.629068
-0.636179 -0.656328 -0.692037
-0.723482 -0.759896 -0.790385
-0.801791 -0.815561 -0.830090
-0.776022 -0.836541 -0.799766
-0.726863 -0.718021 -0.721070
-0.760096 -0.761614 -0.704915
-0.686616 -0.716917 -0.704947
-0.698367 -0.713059 -0.742774
-0.744272 -0.792678 -0.802324
-0.153904 -0.906489 -0.909972
-0.900360 -0.909340 -0.904607
-0.895734 -0.861949 -0.805916
-0.798351 -0.775477 -0.747535
-0.726698 -0.713758 -0.720080
-0.734209 -0.733229 -0.151896
-0.156322 -0.973140 -0.973772
-0.975670 -0.951766 -0.948093
-0.948662 -0.922757 -0.877262
-0.854169 -0.769059 -0.752666
-0.718761 -0.715758 -0.737168
-0.141537 -0.154667 -0.978559
-0.978534 -0.991972 -0.988589
-0.989613 -0.978980 -0.971907
-0.962967 -0.928879 -0.823081
-0.799852 -0.758883 -0.726949
-0.141860 -0.962642 -0.979007
-0.993648 -0.992638 -0.999000
-0.998952 -0.998171 -0.985795
-0.963053 -0.948159 -0.130717
-0.968033 -0.988906 -0.993823
-0.999291 -0.998038 -0.999236
-0.999544 -0.972438 -0.994023
-0.997786 -0.998473 -0.998032
-0.994789 -0.997868 -0.997458
