-0.703103 -0.712401 -0.747585
-0.751870 -0.724000 -0.679902
-0.697003 -0.662393 -0.676340
-0.693604 -0.702426 -0.716266
-0.724597 -0.741846 -0.755964
-0.729498 -0.761580 -0.746333
-0.715708 -0.703679 -0.698604
-0.688865 -0.681764 -0.682660
-0.701732 -0.750015 -0.665167
-0.621797 -0.826526 -0.608106
-0.620919 -0.691008 -0.701687
-0.643520 -0.661247 -0.723868
-0.685465 -0.714703 -0.710271
-0.720268 -0.717857 -0.729667
-0.724231 -0.713105 -0.704428
-0.690927 -0.683621 -0.688529
-0.686272 -0.688368 -0.725797
-0.740513 -0.668885 -0.663285
-0.675774 -0.665311 -0.630675
-0.617348 -0.596133 -0.730399
-0.581312 -0.539339 -0.561382
-0.591583 -0.620671 -0.656701
-0.663508 -0.668543 -0.687380
-0.705331 -0.710143 -0.704229
-0.702997 -0.712785 -0.723376
-0.717800 -0.706222 -0.697704
-0.689088 -0.693917 -0.679514
-0.689040 -0.708066 -0.740726
-0.744508 -0.709345 -0.689999
-0.664095 -0.675581 -0.656738
-0.630974 -0.603375 -0.599082
-0.592821 -0.838162 -0.572763
-0.573047 -0.543102 -0.522630
-0.545453 -0.562424 -0.616712
-0.619567 -0.649643 -0.648642
-0.626328 -0.640862 -0.665396
-0.682472 -0.699452 -0.714077
-0.726696 -0.726067 -0.719816
-0.710853 -0.695237 -0.689222
-0.673684 -0.673523 -0.695571
-0.710694 -0.717368 -0.734806
-0.694660 -0.695986 -0.670276
-0.666212 -0.641482 -0.626056
-0.606540 -0.599983 -0.602370
-0.608755 -0.538193 -0.549228
-0.493323 -0.519306 -0.543317
-0.540193 -0.554081 -0.590422
-0.620794 -0.627725 -0.650651
-0.647001 -0.653201 -0.666483
-0.678067 -0.695052 -0.713842
-0.732751 -0.727677 -0.719174
-0.714855 -0.693085 -0.686514
-0.676848 -0.676541 -0.676128
-0.681286 -0.681251 -0.713549
-0.706438 -0.729018 -0.703889
-0.672429 -0.636583 -0.625551
-0.611703 -0.589887 -0.611321
-0.610561 -0.627266 -0.506768
-0.498671 -0.500234 -0.507091
-0.527125 -0.534328 -0.591039
-0.616134 -0.635824 -0.650890
-0.677033 -0.681744 -0.664281
-0.653823 -0.661163 -0.686159
-0.712601 -0.724121 -0.739002
-0.741103 -0.741969 -0.739248
-0.714609 -0.695589 -0.680182
-0.676971 -0.682162 -0.676864
-0.668155 -0.685591 -0.687536
-0.703923 -0.698885 -0.711476
-0.694691 -0.648623 -0.626176
-0.628008 -0.621841 -0.638118
-0.640068 -0.387119 -0.416441
-0.473985 -0.658302 -0.549376
-0.526152 -0.530093 -0.542267
-0.559051 -0.602774 -0.631209
-0.640073 -0.673299 -0.681979
-0.711309 -0.726919 -0.724807
-0.728371 -0.725917 -0.750693
-0.762039 -0.773369 -0.780036
-0.779008 -0.745362 -0.730251
-0.715708 -0.690769 -0.668133
-0.667450 -0.652643 -0.651848
-0.643786 -0.638353 -0.632460
-0.667875 -0.678966 -0.701455
-0.686805 -0.684938 -0.679192
-0.653423 -0.650820 -0.646625
-0.634880 -0.294337 -0.324615
-0.316566 -0.585761 -0.574429
-0.575159 -0.545656 -0.537719
-0.553113 -0.590064 -0.614033
-0.636684 -0.673420 -0.706272
-0.746866 -0.747858 -0.752613
-0.761100 -0.759637 -0.759666
-0.775249 -0.780350 -0.786890
-0.787480 -0.784938 -0.774273
-0.765002 -0.747862 -0.734796
-0.716545 -0.699061 -0.675333
-0.638395 -0.603254 -0.609408
-0.616916 -0.620796 -0.634353
-0.677267 -0.685407 -0.709811
-0.717144 -0.685648 -0.672574
-0.670989 -0.644685 -0.640286
-0.318321 -0.297557 -0.297859
-0.298163 -0.296775 -0.287232
-0.538360 -0.554404 -0.562075
-0.574069 -0.606494 -0.603491
-0.592433 -0.650884 -0.679364
-0.712270 -0.731075 -0.776636
-0.781870 -0.764856 -0.774380
-0.768999 -0.763451 -0.757442
-0.754787 -0.755589 -0.736096
-0.734630 -0.744926 -0.788622
-0.788593 -0.748535 -0.732595
-0.700805 -0.680608 -0.654762
-0.624973 -0.588289 -0.573128
-0.586288 -0.602569 -0.647025
-0.670861 -0.688530 -0.706662
-0.714254 -0.700843 -0.675513
-0.630178 -0.003217 -0.322173
-0.322453 -0.307739 -0.307952
-0.294182 -0.507556 -0.536031
-0.556630 -0.597884 -0.614296
-0.622673 -0.650817 -0.653343
-0.695794 -0.708054 -0.726388
-0.744921 -0.748809 -0.749620
-0.740157 -0.694097 -0.693838
-0.700779 -0.699482 -0.696440
-0.683813 -0.702759 -0.684286
-0.712044 -0.725569 -0.727010
-0.729499 -0.759235 -0.733167
-0.706111 -0.654547 -0.619504
-0.594225 -0.576716 -0.569265
-0.582313 -0.605420 -0.639983
-0.675956 -0.687892 -0.685779
-0.674270 -0.670932 -0.652778
-0.594634 -0.007546 -0.006975
-0.339456 -0.320892 -0.338644
-0.305047 -0.455851 -0.554790
-0.635884 -0.635408 -0.626884
-0.641248 -0.667204 -0.662391
-0.680513 -0.690477 -0.721058
-0.691875 -0.684635 -0.679998
-0.678655 -0.658130 -0.665849
-0.572568 -0.568670 -0.550732
-0.544405 -0.535184 -0.535891
-0.526212 -0.515271 -0.545399
-0.580543 -0.601301 -0.595843
-0.684104 -0.648264 -0.638855
-0.628761 -0.589164 -0.578337
-0.573773 -0.580775 -0.577296
-0.570992 -0.613016 -0.636785
-0.631239 -0.650094 -0.612301
-0.619805 -0.587441 -0.567732
-0.450452 -0.448354 -0.011352
-0.337155 -0.337494 -0.337832
-0.336634 -0.336942 -0.399105
-0.551589 -0.626945 -0.658934
-0.657734 -0.662984 -0.682481
-0.689648 -0.691972 -0.681877
-0.657810 -0.540252 -0.556711
-0.550534 -0.547209 -0.546140
-0.537180 -0.533092 -0.528523
-0.526675 -0.512040 -0.510863
-0.499889 -0.478117 -0.446316
-0.448907 -0.485756 -0.460147
-0.492205 -0.548065 -0.626974
-0.624375 -0.625368 -0.603745
-0.566120 -0.565349 -0.572579
-0.546032 -0.538988 -0.540400
-0.522131 -0.503232 -0.555091
-0.554114 -0.492377 -0.481677
-0.436344 -0.464937 -0.543811
-0.544779 -0.507810 -0.459397
-0.443411 -0.421953 -0.430560
-0.015397 -0.335193 -0.335520
-0.334315 -0.334612 -0.334074
-0.270323 -0.381124 -0.678390
-0.677065 -0.670570 -0.665430
-0.689869 -0.661263 -0.625471
-0.621541 -0.493425 -0.492541
-0.523532 -0.525892 -0.510128
-0.454480 -0.436084 -0.423662
-0.411017 -0.396379 -0.399615
-0.395614 -0.383652 -0.383969
-0.386196 -0.381895 -0.363948
-0.355974 -0.388139 -0.396582
-0.420761 -0.421637 -0.574866
-0.595908 -0.583885 -0.566869
-0.533970 -0.504382 -0.491086
-0.433438 -0.441482 -0.396290
-0.401536 -0.383955 -0.358236
-0.412604 -0.383517 -0.347372
-0.363977 -0.456040 -0.513566
-0.493817 -0.458903 -0.439762
-0.410635 -0.467166 -0.333219
-0.333534 -0.347990 -0.341374
-0.240845 -0.260745 -0.316297
-0.692849 -0.671339 -0.676181
-0.662148 -0.623496 -0.581912
-0.581402 -0.431238 -0.439143
-0.396582 -0.387416 -0.375682
-0.414749 -0.451442 -0.427689
-0.364503 -0.307856 -0.301891
-0.302584 -0.294775 -0.286682
-0.286643 -0.285830 -0.280408
-0.263100 -0.234848 -0.263488
-0.298534 -0.359143 -0.397833
-0.416055 -0.526677 -0.524923
-0.557518 -0.519677 -0.444987
-0.412215 -0.363387 -0.333822
-0.311576 -0.304645 -0.301455
-0.275580 -0.308895 -0.299623
-0.296102 -0.351823 -0.361715
-0.424061 -0.437164 -0.436403
-0.431144 -0.364966 -0.373499
-0.442631 -0.022134 -0.346802
-0.346052 -0.346393 -0.226536
-0.247044 -0.298753 -0.642927
-0.662093 -0.645057 -0.584768
-0.519411 -0.392886 -0.364705
-0.345260 -0.305190 -0.314329
-0.266464 -0.308563 -0.349707
-0.356636 -0.334921 -0.325223
-0.308296 -0.264309 -0.233807
-0.244944 -0.231659 -0.208504
-0.208184 -0.190707 -0.193674
-0.179184 -0.191674 -0.191419
-0.240968 -0.295066 -0.341463
-0.366037 -0.355279 -0.441336
-0.445198 -0.428146 -0.366239
-0.252365 -0.202697 -0.190447
-0.177283 -0.153654 -0.165648
-0.226933 -0.220332 -0.216643
-0.266596 -0.237989 -0.331491
-0.329028 -0.319700 -0.276805
-0.329572 -0.315069 -0.429896
-0.414692 -0.025518 0.075765
0.102367 0.125060 -0.221148
-0.252401 -0.539694 -0.574973
-0.587149 -0.555576 -0.343151
-0.294502 -0.285610 -0.259859
-0.217690 -0.199697 -0.192787
-0.239055 -0.249640 -0.249467
-0.223137 -0.218882 -0.210409
-0.206372 -0.161782 -0.133931
-0.127961 -0.133921 -0.107156
-0.110305 -0.119011 -0.109718
-0.113064 -0.129597 -0.118402
-0.100894 -0.130267 -0.156295
-0.247378 -0.263530 -0.254367
-0.336962 -0.280833 -0.268076
-0.224531 -0.147551 -0.085264
-0.051444 -0.055287 -0.049936
-0.081809 -0.113740 -0.138534
-0.186707 -0.175444 -0.185931
-0.247126 -0.191412 -0.161946
-0.194390 -0.252751 -0.215201
-0.346433 -0.319156 -0.028593
0.066525 0.074852 0.092431
0.194066 0.177565 0.025523
-0.253018 -0.480190 -0.309187
-0.183360 -0.224424 -0.159828
-0.114801 -0.091867 -0.105245
-0.117779 -0.136593 -0.129396
-0.132943 -0.145393 -0.179922
-0.195012 -0.170340 -0.147960
-0.101849 -0.066191 -0.047093
-0.047233 -0.048232 -0.048350
-0.048362 -0.054336 -0.070690
-0.061193 -0.053620 -0.055854
-0.078030 -0.109980 -0.145025
-0.152501 -0.117479 -0.182543
-0.174562 -0.146152 -0.095405
-0.058772 0.011403 0.032906
0.040596 -0.000838 -0.034066
-0.083290 -0.104918 -0.116865
-0.111565 -0.194066 -0.114131
-0.098636 -0.063529 -0.099157
-0.097536 -0.168453 -0.168846
-0.167564 -0.031281 0.059469
0.072035 0.075656 0.158291
0.170848 0.158753 0.102207
-0.209218 -0.172637 -0.074800
-0.063644 -0.074035 -0.010688
-0.036452 -0.073737 -0.077614
-0.071304 -0.075283 -0.082832
-0.170124 -0.179469 -0.124868
-0.111215 -0.094670 -0.076134
-0.018666 0.006808 0.004384
0.004334 0.003454 -0.009965
-0.018628 -0.033463 -0.025614
-0.044207 -0.029611 -0.020189
-0.047045 -0.039699 -0.067455
-0.076617 -0.113055 -0.111810
-0.113064 -0.083537 -0.055727
-0.005649 0.026497 0.035814
0.007642 0.014438 -0.040761
-0.054666 -0.094502 -0.078396
-0.073448 -0.053251 -0.050290
-0.001631 -0.014746 -0.029555
-0.132342 -0.158135 -0.156839
-0.170724 -0.033502 0.056224
0.090963 0.113991 0.208379
0.131880 0.085669 0.065800
0.059547 0.030851 0.030544
0.026325 -0.008624 -0.025099
-0.033506 -0.034166 -0.065328
-0.062340 -0.088273 -0.121796
-0.179210 -0.167527 -0.137028
-0.117814 -0.135442 -0.155071
-0.114572 -0.073277 -0.043481
-0.017781 -0.002636 -0.015160
-0.036973 -0.051105 -0.051119
-0.031181 -0.039985 -0.036271
-0.011028 -0.020963 -0.080244
-0.088495 -0.093397 -0.115339
-0.121082 -0.127069 -0.096193
-0.088252 0.002703 -0.006449
0.002370 0.000540 -0.037901
-0.039939 -0.052510 -0.043111
-0.015885 0.000758 0.005235
0.039229 0.036571 -0.019155
-0.116721 -0.122463 -0.169248
-0.173123 -0.035173 0.052699
0.052983 0.079953 0.169700
0.170841 0.095303 0.041104
0.084279 0.026212 0.036211
0.034712 0.015951 -0.032658
-0.032990 -0.020354 -0.102946
-0.142539 -0.144870 -0.176028
-0.204059 -0.215608 -0.211308
-0.204734 -0.245646 -0.230172
-0.150638 -0.125972 -0.068349
-0.024065 -0.032762 -0.034541
-0.056574 -0.069967 -0.056440
-0.052625 -0.056144 -0.038887
-0.044304 -0.042205 -0.047202
-0.098780 -0.117372 -0.148524
-0.193302 -0.189427 -0.141755
-0.111856 -0.026961 -0.058037
-0.051985 -0.039497 -0.066180
-0.076746 -0.082864 -0.073890
-0.012169 0.009339 0.052329
0.063504 0.019959 -0.037062
-0.129455 -0.137967 -0.174309
-0.169997 -0.039045 0.093482
0.076990 0.083038 0.073770
0.115897 0.139502 0.114788
0.056301 0.017691 0.013047
0.001625 -0.011936 -0.027742
-0.061657 -0.148392 -0.195321
-0.237264 -0.246930 -0.247989
-0.288006 -0.272630 -0.236509
-0.311920 -0.285226 -0.221854
-0.173832 -0.117305 -0.098112
-0.067014 -0.054709 -0.050718
-0.045830 -0.055341 -0.071532
-0.072958 -0.076584 -0.069223
-0.077450 -0.079993 -0.087320
-0.099184 -0.179780 -0.222248
-0.255035 -0.240725 -0.270489
-0.229731 -0.203128 -0.108977
-0.108879 -0.112656 -0.107306
-0.101599 -0.104685 -0.096026
-0.065870 0.005479 0.054995
0.047720 0.012926 -0.028448
-0.115687 -0.147126 -0.149544
-0.162390 -0.039831 0.151605
0.152021 0.176440 0.078973
0.161369 0.198514 0.145544
0.032350 -0.025806 -0.000679
-0.025305 -0.058394 -0.071374
-0.134779 -0.192943 -0.246608
-0.262534 -0.326466 -0.291944
-0.260676 -0.293150 -0.337024
-0.325389 -0.300105 -0.234934
-0.212959 -0.151492 -0.089663
-0.048008 -0.045350 -0.054066
-0.062515 -0.071701 -0.087757
-0.117458 -0.120459 -0.115864
-0.122933 -0.151454 -0.128913
-0.164629 -0.204928 -0.267427
-0.300454 -0.312659 -0.327025
-0.318891 -0.281809 -0.226618
-0.158962 -0.174705 -0.153970
-0.153988 -0.140703 -0.120420
-0.085121 -0.012634 0.037032
0.024535 -0.015692 -0.046242
-0.106509 -0.151272 -0.138745
-0.164419 -0.036074 0.123459
0.142700 0.148279 0.166419
0.218703 0.241402 0.102496
0.003092 -0.033257 -0.036492
-0.071831 -0.090652 -0.130917
-0.202330 -0.231721 -0.265783
-0.307015 -0.322058 -0.339514
-0.306128 -0.304720 -0.301841
-0.285868 -0.254740 -0.206452
-0.184181 -0.185186 -0.096088
-0.030385 -0.033579 -0.024351
-0.036955 -0.068912 -0.098443
-0.124398 -0.134327 -0.145198
-0.135113 -0.150948 -0.159123
-0.177844 -0.215306 -0.259771
-0.304882 -0.345293 -0.320656
-0.284220 -0.285576 -0.246233
-0.206303 -0.210008 -0.185161
-0.178119 -0.149937 -0.110919
-0.092495 -0.019108 -0.015660
-0.007711 -0.047233 -0.086377
-0.105712 -0.119941 -0.129348
-0.155875 -0.034756 0.134156
0.127309 0.129726 0.158420
0.359244 0.284795 0.072516
-0.009375 -0.047232 -0.085659
-0.104282 -0.123697 -0.162489
-0.210918 -0.228586 -0.238608
-0.254609 -0.274927 -0.289690
-0.278215 -0.256005 -0.230114
-0.210921 -0.192485 -0.205544
-0.192867 -0.181927 -0.130142
-0.087612 -0.081602 -0.082140
-0.081670 -0.122369 -0.102982
-0.104453 -0.141052 -0.151557
-0.141942 -0.155977 -0.147755
-0.142416 -0.192951 -0.232006
-0.248211 -0.271650 -0.240518
-0.212458 -0.209769 -0.215996
-0.181269 -0.185860 -0.187283
-0.173769 -0.148061 -0.096523
-0.080863 -0.036781 -0.045568
-0.058692 -0.085639 -0.119542
-0.110554 -0.103422 -0.110907
-0.123713 -0.027042 0.101186
0.101736 0.483366 0.443691
0.399406 0.286104 0.062761
-0.014627 -0.049689 -0.099856
-0.117196 -0.137979 -0.159797
-0.182391 -0.193570 -0.193635
-0.193271 -0.198919 -0.178794
-0.152877 -0.196119 -0.191652
-0.173150 -0.149672 -0.186807
-0.233164 -0.178367 -0.141614
-0.165597 -0.179641 -0.174790
-0.127677 -0.133848 -0.144260
-0.121783 -0.127419 -0.138571
-0.129566 -0.099740 -0.112867
-0.132174 -0.160839 -0.183633
-0.189838 -0.191828 -0.150394
-0.120166 -0.111365 -0.113169
-0.121436 -0.127405 -0.122830
-0.141558 -0.119055 -0.063592
-0.062755 -0.052177 -0.064374
-0.077593 -0.096728 -0.117596
-0.092693 -0.077184 -0.080798
-0.091952 -0.023191 0.113672
0.364536 0.522975 0.368747
0.312633 0.188042 0.088242
-0.004767 -0.041784 -0.081063
-0.092557 -0.116958 -0.118426
-0.115672 -0.118101 -0.129872
-0.140789 -0.113876 -0.126437
-0.142031 -0.142905 -0.147163
-0.160613 -0.125249 -0.162699
-0.165041 -0.193217 -0.208587
-0.263104 -0.257517 -0.243516
-0.170586 -0.136425 -0.133181
-0.119892 -0.092368 -0.105587
-0.082869 -0.074686 -0.075028
-0.105026 -0.124588 -0.145313
-0.153125 -0.126413 -0.089588
-0.060807 -0.043164 -0.042948
-0.051583 -0.075260 -0.077747
-0.066740 -0.064169 -0.038960
-0.026769 -0.027918 -0.043516
-0.061804 -0.071537 -0.072436
-0.060376 -0.041682 -0.043174
-0.060947 -0.018335 -0.440295
0.299896 0.275486 0.204736
0.163015 0.082982 0.026732
-0.042953 -0.045996 -0.040038
-0.059127 -0.056636 -0.067242
-0.064542 -0.059593 -0.057046
-0.072761 -0.093970 -0.114804
-0.125717 -0.126960 -0.112665
-0.158524 -0.242699 -0.275348
-0.289685 -0.255036 -0.217930
-0.140489 -0.111474 -0.063817
-0.023869 -0.029933 -0.016919
-0.027793 -0.022225 -0.056630
-0.078753 -0.099935 -0.097295
-0.071861 -0.035922 0.011582
0.056301 0.031170 0.003416
-0.047714 -0.041003 -0.019262
-0.013744 0.002989 0.014935
0.005148 -0.009893 -0.038231
-0.037867 -0.025229 -0.024119
-0.008774 -0.004323 0.008536
-0.012478 -0.438359 -0.438552
-0.438741 0.179232 0.186235
0.171615 0.074511 0.009054
-0.034344 -0.015028 -0.023497
-0.026106 -0.030708 -0.041869
-0.016817 -0.019050 -0.018101
-0.007768 -0.044996 -0.082657
-0.081032 -0.064348 -0.229290
-0.237295 -0.267758 -0.224502
-0.200884 -0.129592 -0.060242
-0.011316 0.017204 0.039781
0.045169 0.012511 0.012118
-0.010103 -0.041072 -0.048035
-0.035064 -0.002271 0.037785
0.081600 0.105855 0.100929
0.078038 0.037126 0.031188
0.035938 0.042184 0.053315
0.057969 0.043740 0.024658
-0.004519 -0.020600 0.010314
0.004438 0.027041 0.052940
-0.009402 -0.005647 -0.436405
-0.436596 -0.436784 0.148844
0.144925 0.100553 0.033106
0.015939 0.005909 0.009665
-0.002941 -0.005342 0.019888
0.027501 0.025794 0.023899
0.019391 0.033641 0.032280
0.009812 0.032304 0.009856
-0.190378 -0.219191 -0.208745
-0.183832 -0.192687 -0.140397
-0.074624 -0.000235 0.027383
0.067057 0.052519 0.047966
0.021582 0.006218 0.009067
0.012556 0.009922 0.067759
0.078161 0.127559 0.153797
0.125989 0.121291 0.082963
0.085103 0.083845 0.089470
0.092139 0.082628 0.064183
0.048950 0.008491 0.019821
0.032153 0.058834 0.087335
-0.005751 -0.001918 -0.431546
-0.431729 -0.433719 -0.440070
0.125586 0.079642 0.001042
-0.016246 0.029921 0.053750
0.048202 0.025508 0.029883
0.043490 0.071280 0.079144
0.041467 0.046154 0.065672
0.079454 0.086260 0.076486
0.059014 -0.094918 -0.165385
-0.159078 -0.133978 -0.139317
-0.154762 -0.129359 -0.080049
-0.045446 0.063252 0.080121
0.065775 0.073079 0.081479
0.089582 0.125001 0.125836
0.119531 0.132524 0.124433
0.172399 0.178879 0.174555
0.152075 0.138830 0.128877
0.136636 0.134166 0.123095
0.093461 0.058466 0.053424
0.043496 0.082526 0.105123
0.155046 0.144220 0.009598
-0.444427 -0.444654 -0.428847
-0.429925 -0.435633 0.043716
0.001625 -0.037665 -0.024825
0.015653 0.063689 0.070938
0.066851 0.066620 0.077067
0.085473 0.101865 0.073657
0.076920 0.079196 0.103938
0.104129 0.088083 -0.116499
-0.110227 -0.098662 -0.099948
-0.115815 -0.126858 -0.109966
-0.087561 -0.055682 0.058223
0.113081 0.121746 0.119510
0.152581 0.150438 0.186243
0.218586 0.187956 0.183662
0.180353 0.166423 0.186942
0.184569 0.173360 0.172749
0.179846 0.163420 0.134293
0.111254 0.075544 0.040767
0.050345 0.066145 0.111710
0.135606 0.161540 0.161393
0.018953 -0.442786 -0.443011
-0.426856 -0.427929 -0.438897
-0.439015 -0.012114 -0.034086
-0.015512 0.034719 0.078760
0.079203 0.087205 0.106246
0.106267 0.114052 0.140644
0.132663 0.116555 0.107849
0.112886 0.118175 0.095741
-0.047855 -0.102276 -0.093640
-0.083688 -0.064921 -0.079405
-0.106437 -0.085151 -0.080281
-0.062519 -0.011491 0.053582
0.113309 0.137168 0.138889
0.165779 0.190127 0.227261
0.235940 0.230303 0.222960
0.193664 0.173745 0.186947
0.188715 0.197611 0.214858
0.211279 0.204698 0.155786
0.095688 0.067697 0.043334
0.049509 0.085908 0.108026
0.152854 0.212008 0.204744
0.020774 -0.420390 -0.419740
-0.419845 -0.401683 -0.389770
-0.021316 -0.013476 0.010739
0.025106 0.039465 0.069053
0.105744 0.110407 0.108173
0.116047 0.122335 0.134186
0.158246 0.143821 0.147595
0.120813 0.100311 0.074968
0.056322 0.000440 -0.056936
-0.097312 -0.106134 -0.089915
-0.073245 -0.041883 -0.058183
-0.042052 -0.038491 -0.031970
-0.012630 0.029203 0.073451
0.115519 0.119162 0.140128
0.185355 0.239247 0.231269
0.241357 0.258600 0.247073
0.194883 0.193337 0.191697
0.191907 0.202120 0.230008
0.238868 0.202743 0.169101
0.116837 0.080173 0.059586
0.088178 0.112284 0.137203
0.176445 0.310808 0.319606
0.020346 -0.339266 -0.337709
-0.333817 -0.333920 -0.334020
-0.046114 -0.001937 0.040961
0.023769 0.065425 0.084044
0.110344 0.117511 0.088124
0.109598 0.133312 0.150696
0.173977 0.184782 0.173843
0.140002 0.086951 0.064336
0.041982 0.016075 -0.061106
-0.099175 -0.093653 -0.067799
-0.046759 -0.028315 0.010372
0.016115 0.000244 0.016987
0.021415 0.058658 0.093414
0.097681 0.143167 0.150226
0.169935 0.208939 0.218068
0.219638 0.262639 0.232571
0.198501 0.181131 0.186671
0.200702 0.217966 0.239881
0.229380 0.205144 0.184573
0.153044 0.107590 0.087297
0.119764 0.144547 0.209756
0.301974 0.348252 0.355379
0.030471 -0.308312 -0.316418
-0.332681 -0.325962 -0.332917
-0.042732 -0.015065 0.022554
0.047022 0.080272 0.082740
0.118101 0.079306 0.057541
0.078662 0.119250 0.162154
0.170158 0.209271 0.196195
0.176947 0.141621 0.100879
0.032628 -0.013285 -0.032325
-0.050058 -0.016193 -0.012468
0.002378 0.012859 0.034386
0.051186 0.055287 0.051967
0.052103 0.083105 0.097480
0.096136 0.116054 0.103577
0.111193 0.150614 0.149903
0.214842 0.212362 0.188890
0.160154 0.166081 0.174298
0.201855 0.226191 0.236217
0.234533 0.209589 0.205460
0.193385 0.163513 0.119956
0.166816 0.202265 0.256591
0.382097 0.396737 0.399973
0.030609 -0.334148 -0.329703
-0.326932 -0.340780 -0.340669
-0.014190 0.030417 0.042073
0.051287 0.046418 0.078965
0.090697 0.043414 0.040443
0.067864 0.098769 0.167465
0.201104 0.213319 0.238025
0.222247 0.194503 0.141491
0.054443 0.029668 0.030299
0.058312 0.079368 0.064180
0.077936 0.063905 0.044450
0.048229 0.078389 0.106288
0.100579 0.121518 0.097651
0.089943 0.080114 0.065834
0.070173 0.074814 0.111725
0.167905 0.157574 0.153401
0.177584 0.192018 0.187735
0.196209 0.222807 0.239989
0.275370 0.272111 0.263781
0.236825 0.230622 0.208069
0.247719 0.240342 0.326854
0.427564 0.422526 0.424837
0.041081 -0.354899 -0.364845
-0.364889 -0.355863 -0.372756
0.037060 0.068466 0.058193
0.057456 0.054496 0.064154
0.050880 0.051002 0.039348
0.069900 0.088277 0.148371
0.193519 0.252544 0.201681
0.244152 0.235205 0.181837
0.130380 0.103232 0.123375
0.114691 0.126833 0.114136
0.102995 0.080907 0.059470
0.070864 0.094439 0.119233
0.146898 0.126414 0.083661
0.055258 0.069698 0.065742
0.078740 0.077522 0.132804
0.171611 0.211687 0.230021
0.218192 0.216874 0.210353
0.219319 0.256101 0.260846
0.332656 0.330484 0.333583
0.310933 0.330179 0.300370
0.352235 0.430697 0.458069
0.436434 0.438382 0.435730
0.051775 -0.417208 -0.448539
-0.455623 -0.422406 -0.424400
0.179356 0.081213 0.071340
0.062022 0.055987 0.030055
0.029991 0.047070 0.061959
0.085272 0.096313 0.152536
0.191882 0.210611 0.207329
0.173039 0.136892 0.144765
0.153818 0.145538 0.145080
0.147431 0.137463 0.124404
0.102199 0.096640 0.069740
0.064909 0.109287 0.152517
0.194149 0.143067 0.097443
0.082704 0.086999 0.105624
0.106246 0.191645 0.215443
0.242489 0.293158 0.318946
0.300363 0.267453 0.256501
0.279148 0.295309 0.295721
0.361321 0.377605 0.417613
0.388575 0.424802 0.430216
0.446035 0.481477 0.457786
0.438847 0.444436 0.442631
0.062583 -0.443002 -0.482931
-0.483523 -0.522562 -0.519495
0.279714 0.100801 0.094186
0.083705 0.086499 0.062180
0.064217 0.070294 0.086016
0.102746 0.119841 0.152934
0.151079 0.147394 0.165564
0.170547 0.164293 0.108263
0.143458 0.164169 0.164507
0.153949 0.134879 0.111109
0.088271 0.086001 0.102957
0.102349 0.153776 0.154921
0.202056 0.172643 0.144622
0.148672 0.159206 0.169291
0.168610 0.276542 0.301693
0.329160 0.351555 0.359962
0.343818 0.320989 0.323840
0.351543 0.344512 0.335756
0.395340 0.413092 0.460526
0.466896 0.511631 0.508285
0.506960 0.431270 0.436813
0.442300 0.444343 -0.501553
-0.556927 -0.610967 -0.600128
-0.616046 -0.615902 -0.684654
0.195157 0.178578 0.212633
0.132022 0.128211 0.158454
0.166816 0.201087 0.198910
0.173423 0.157363 0.173275
0.204294 0.281973 0.302991
0.266409 0.246005 0.272722
0.272200 0.255363 0.261207
0.247856 0.181493 0.198491
0.233743 0.260778 0.310856
0.296994 0.252724 0.226014
0.223576 0.243593 0.233248
0.230384 0.340235 0.386884
0.390790 0.404281 0.411238
0.425821 0.377888 0.350135
0.377810 0.386674 0.376739
0.380194 0.408536 0.460891
0.492213 0.553586 0.558973
0.536430 0.510039 0.436494
0.423882 0.425489 0.438954
-0.546653 -0.631419 -0.648889
-0.660793 -0.669637 -0.672360
-0.663044 -0.684596 0.235157
0.229190 0.253567 0.234053
0.205765 0.221078 0.261637
0.299468 0.325131 0.273635
0.231217 0.204909 0.208154
0.230606 0.288573 0.315427
0.345632 0.380051 0.385576
0.391367 0.372569 0.325303
0.306025 0.322678 0.350311
0.353736 0.408442 0.380745
0.349752 0.307068 0.294080
0.297062 0.296717 0.373679
0.402028 0.430618 0.482455
0.470770 0.476092 0.445667
0.422594 0.408066 0.418706
0.414827 0.408463 0.411191
0.465347 0.486881 0.554750
0.558168 0.534619 0.522984
0.470723 0.397211 0.402522
0.421508 0.424265 -0.618840
-0.641429 -0.652254 -0.642569
-0.648971 -0.647138 -0.647333
0.219900 0.427865 0.435087
0.409918 0.396760 0.313544
0.348014 0.369000 0.384305
0.384517 0.388721 0.311856
0.319884 0.356472 0.401880
0.445699 0.474191 0.477134
0.464560 0.465980 0.444393
0.434001 0.432289 0.430022
0.426262 0.441817 0.460918
0.450095 0.408487 0.395197
0.380335 0.371931 0.423905
0.460674 0.485372 0.501962
0.506286 0.513085 0.499736
0.476526 0.447503 0.439584
0.417977 0.426155 0.440806
0.435405 0.464199 0.491486
0.546202 0.542230 0.530973
0.473941 0.423881 0.386725
0.362702 0.389211 0.122484
-0.629361 -0.627574 -0.632911
-0.650623 -0.650365 -0.645532
0.232268 0.562062 0.532774
0.549369 0.535501 0.519517
0.535487 0.525597 0.461857
0.485397 0.519077 0.522753
0.533042 0.540266 0.573681
0.565185 0.537681 0.520299
0.535607 0.542217 0.531831
0.527836 0.537746 0.529839
0.552217 0.537743 0.522432
0.479149 0.441716 0.427772
0.424064 0.468448 0.496650
0.498815 0.507712 0.512388
0.512691 0.500137 0.497677
0.479415 0.479989 0.462125
0.447542 0.438321 0.452278
0.458387 0.478254 0.508394
0.533650 0.546462 0.520366
0.488357 0.407809 0.414256
0.386234 0.146376 -0.605663
-0.610782 -0.607937 -0.578146
-0.535836 -0.520433 0.244673
0.592548 0.603904 0.627311
0.610542 0.572525 0.576934
0.578551 0.582692 0.574317
0.532167 0.570553 0.608371
0.577759 0.560801 0.547505
0.593407 0.579520 0.539142
0.517715 0.528749 0.538106
0.561972 0.594102 0.588310
0.552167 0.519066 0.488979
0.467156 0.447521 0.479835
0.505393 0.511617 0.504513
0.501627 0.510483 0.504180
0.474718 0.471896 0.474545
0.467743 0.453159 0.444955
0.446669 0.442343 0.470349
0.498110 0.517601 0.526137
0.529986 0.521689 0.481791
0.407635 0.167684 -0.580237
-0.576827 -0.581774 -0.547345
-0.513095 -0.456665 0.270805
0.625307 0.632061 0.611416
0.613313 0.620164 0.623946
0.608462 0.622937 0.608371
0.597749 0.591904 0.566645
0.512582 0.532752 0.494904
0.463399 0.557004 0.551795
0.541745 0.560669 0.576140
0.583467 0.590753 0.546928
0.541490 0.504558 0.486156
0.499142 0.521482 0.520171
0.519786 0.491688 0.487415
0.499001 0.488789 0.458602
0.462055 0.454120 0.452026
0.414434 0.423434 0.406167
0.427827 0.459254 0.492407
0.493897 0.504471 0.524747
0.519254 0.425913 0.416192
0.178000 -0.559574 -0.493706
-0.401489 -0.409324 -0.381209
-0.332197 -0.367697 0.519154
0.599822 0.604186 0.580156
0.587561 0.561914 0.565134
0.596244 0.578989 0.564238
0.555236 0.542155 0.508080
0.453561 0.426916 0.447806
0.451599 0.474732 0.488631
0.499038 0.518901 0.525344
0.521294 0.498355 0.493098
0.504779 0.498080 0.497256
0.509236 0.517220 0.493826
0.484882 0.476085 0.469960
0.432508 0.424457 0.423465
0.424736 0.399468 0.378988
0.376909 0.399608 0.435376
0.448165 0.492407 0.505298
0.507610 -0.504150 -0.350193
-0.295638 -0.220695 -0.181608
-0.300654 0.177639 0.514495
0.531290 0.520371 0.513891
0.537799 0.525311 0.490626
0.534242 0.528453 0.465605
0.529503 0.511164 0.467052
0.456083 0.455824 0.434003
0.455825 0.478344 0.515034
0.529166 0.528222 0.520052
0.539472 0.526258 0.522096
0.523396 0.514198 0.506071
0.500972 0.508070 0.484563
0.473481 0.469099 0.417937
0.404845 0.405593 0.403229
0.373795 0.351744 0.343411
0.372882 0.398027 0.431016
0.475290 0.495841 0.497871
0.165085 -0.268198 -0.263895
-0.150508 -0.107319 -0.064368
0.169261 0.376260 0.513408
0.522853 0.533028 0.502119
0.476362 0.456122 0.457892
0.457828 0.448870 0.445355
0.466186 0.463479 0.472609
0.495147 0.530636 0.559250
0.581101 0.593152 0.596914
0.594634 0.580811 0.567264
0.543219 0.535429 0.521022
0.506845 0.487993 0.469050
0.463123 0.455006 0.455976
0.422382 0.403667 0.421476
0.402582 0.388034 0.354343
0.347488 0.343968 0.360416
0.403542 0.411267 0.468820
0.488982 0.188350 -0.207254
-0.136019 -0.081928 -0.064056
-0.049723 0.269464 0.534868
0.541542 0.540099 0.540997
0.503397 0.475977 0.440203
0.446445 0.450503 0.466994
0.466926 0.450920 0.460815
0.508320 0.529201 0.556956
0.580280 0.606360 0.622399
0.623489 0.611383 0.597271
0.594181 0.572820 0.542586
0.505441 0.494063 0.525551
0.509507 0.495643 0.486341
0.449215 0.463707 0.460238
0.457662 0.411377 0.373300
0.367222 0.347478 0.358192
0.362951 0.436364 -0.117614
-0.077317 -0.067534 -0.026267
-0.029791 0.389623 0.579496
0.605229 0.589051 0.573462
0.529536 0.478033 0.452916
0.471831 0.467535 0.472687
0.470348 0.482709 0.503248
0.514060 0.554362 0.595244
0.629382 0.641548 0.650675
0.640387 0.626317 0.608921
0.585649 0.522743 0.520803
0.529029 0.554988 0.543862
0.535551 0.521827 0.500304
0.506997 0.519550 0.509688
0.474821 0.442850 0.401590
0.390453 0.369501 0.376912
0.374002 -0.056125 -0.001773
-0.005866 0.064359 0.347982
0.574579 0.605308 0.600682
0.613187 0.609012 0.511527
0.491055 0.444195 0.442308
0.455244 0.479240 0.512850
0.551317 0.590073 0.620741
0.636377 0.644259 0.642106
0.631909 0.609433 0.594795
0.568226 0.537675 0.537909
0.519103 0.521044 0.515298
0.524266 0.532196 0.490765
0.507983 0.538946 0.522210
0.517501 0.538503 0.524801
0.497041 0.435955 0.447521
0.428558 0.034464 0.132502
0.447489 0.543600 0.581202
0.587011 0.594991 0.620791
0.563200 0.555686 0.545200
0.528056 0.474650 0.500235
0.530914 0.572911 0.606710
0.630391 0.640184 0.638317
0.633297 0.618212 0.579637
0.561365 0.540788 0.518092
0.502863 0.497629 0.490219
0.475877 0.427958 0.445083
0.479906 0.489838 0.505696
0.545030 0.551791 0.557470
0.535966 0.522561 0.490297
0.504945 0.353124 0.449230
0.578616 0.590863 0.591984
0.607615 0.632653 0.636891
0.595745 0.593102 0.575728
0.576000 0.564424 0.571300
0.592423 0.600197 0.609002
0.608189 0.598916 0.582127
0.563903 0.530886 0.509013
0.478071 0.436417 0.417713
0.385951 0.376920 0.368574
0.375493 0.386398 0.411386
0.453220 0.511684 0.529941
0.545033 0.545532 0.521479
0.504602 0.593562 0.608600
0.632128 0.673685 0.624923
0.657036 0.628907 0.623367
0.662179 0.622633 0.587542
0.579878 0.547125 0.543907
0.525577 0.512295 0.500012
0.493328 0.463493 0.411766
0.373861 0.359500 0.302446
0.291181 0.296032 0.305142
0.324265 0.353721 0.407349
0.484461 0.499097 0.533693
0.618846 0.631826 0.646585
0.678321 0.701864 0.736482
0.726316 0.683622 0.668226
0.664859 0.651848 0.619377
0.607337 0.562036 0.533735
0.506249 0.473435 0.445840
0.422603 0.384223 0.336262
0.306605 0.280647 0.255141
0.253708 0.286641 0.269533
0.318852 0.348406 0.421621
0.646189 0.652028 0.684334
0.718283 0.742452 0.765725
0.763984 0.743399 0.681990
0.652542 0.636033 0.603932
0.591575 0.580184 0.540622
0.490957 0.442224 0.429140
0.424214 0.389943 0.311399
0.276432 0.251599 0.241611
0.234733 0.243402 0.307738
0.349650 0.650601 0.656308
0.696023 0.718138 0.744419
0.765152 0.793595 0.774380
0.760969 0.751304 0.734697
0.652181 0.608864 0.580646
0.543359 0.510891 0.401086
0.342381 0.259006 0.225012
0.224328 0.196450 0.196434
0.245571 0.779745 0.781958
0.751359 0.734894 0.701588
0.658893 0.567034 0.544966
0.513226 0.434966 0.449568
0.375828 0.249861 0.204377
0.192800 0.181943 -0.174346
-0.176560 -0.135138 0.028944
0.047754 0.000498 0.022343
-0.215060 -0.197783 -0.177550
-0.171476 -0.155314 -0.099932
-0.101777 -0.104250 -0.082362
0.031177 0.041239 0.064677
0.057878 0.048982 0.011378
-0.006729 -0.002401 0.019538
0.090086 0.210135 0.182313
0.550030 -0.239864 -0.205637
-0.177474 -0.171882 -0.113114
-0.123538 -0.131613 -0.137913
-0.105297 -0.054436 -0.024558
0.044947 0.097442 0.100839
0.085352 0.049589 0.018347
-0.007059 -0.015613 -0.025043
-0.025130 0.093221 0.171742
0.283627 0.277971 0.224283
0.210435 0.183643 0.167186
0.170882 -0.477080 -0.245265
-0.183163 -0.156861 -0.115971
-0.103436 -0.136780 -0.164148
-0.163995 -0.105448 -0.057514
-0.038413 0.037131 0.101323
0.122344 0.114503 0.061180
0.021934 -0.020150 -0.023742
-0.029319 -0.012554 0.057203
0.152609 0.248975 0.288232
0.288256 0.301269 0.263276
0.213026 0.200278 0.184201
0.165554 0.171701 0.187363
0.526647 -0.331838 -0.302461
-0.258625 -0.198763 -0.178046
-0.143085 -0.124866 -0.186780
-0.204398 -0.181947 -0.156554
-0.095096 -0.035629 0.005136
0.052067 0.100585 0.108417
0.088059 0.044789 0.000481
-0.023184 -0.028120 -0.011166
0.044475 0.120113 0.203197
0.258231 0.312037 0.318247
0.290212 0.241191 0.191293
0.177404 0.198002 0.184173
0.209067 0.235405 0.217753
-0.399562 -0.347241 -0.280306
-0.232407 -0.218238 -0.203797
-0.185008 -0.193091 -0.215301
-0.196856 -0.179487 -0.155473
-0.107896 -0.054007 -0.012820
0.022797 0.050412 0.079800
0.091019 0.078726 0.039784
0.007422 0.004395 0.013339
0.057409 0.090806 0.155630
0.212075 0.294539 0.327565
0.333566 0.261603 0.218834
0.189140 0.218470 0.216527
0.245186 0.241837 0.236027
0.235575 -0.370745 -0.375086
-0.359807 -0.315621 -0.246942
-0.236419 -0.230988 -0.255066
-0.243373 -0.225569 -0.197446
-0.175833 -0.151908 -0.100692
-0.075209 -0.036582 -0.004681
0.023564 0.059958 0.078728
0.084174 0.081100 0.064727
0.043293 0.020178 0.044922
0.089066 0.161910 0.222161
0.283654 0.314321 0.341970
0.330784 0.293050 0.292884
0.238014 0.231577 0.243636
0.241324 0.236098 0.254135
-0.757047 -0.771180 -0.761519
-0.617706 -0.370466 -0.378899
-0.359735 -0.305901 -0.270904
-0.264740 -0.265949 -0.276147
-0.264301 -0.216360 -0.209987
-0.160430 -0.137777 -0.123434
-0.084902 -0.075496 -0.049834
-0.012380 0.030550 0.076078
0.092671 0.100937 0.093980
0.067787 0.033649 0.056169
0.092557 0.153109 0.208880
0.281160 0.307110 0.344138
0.332754 0.325456 0.311336
0.291005 0.281613 0.265728
0.243698 0.265877 0.328219
-0.773142 -0.789695 -0.808538
-0.536596 -0.399380 -0.355566
-0.370268 -0.331912 -0.327789
-0.317031 -0.307967 -0.310968
-0.319373 -0.279850 -0.233227
-0.204991 -0.158530 -0.126991
-0.103503 -0.079506 -0.053968
-0.036900 -0.004003 0.039098
0.081322 0.115494 0.141557
0.147293 0.126149 0.092690
0.099596 0.134870 0.161976
0.216435 0.264212 0.291947
0.332349 0.327014 0.321064
0.313282 0.288580 0.255197
0.262208 0.280425 0.285990
0.349501 0.415752 -0.760132
-0.757580 -0.758810 -0.760031
-0.764626 -0.810915 -0.662315
-0.390453 -0.387217 -0.333658
-0.330056 -0.351007 -0.347402
-0.364159 -0.345070 -0.344785
-0.298046 -0.228657 -0.180411
-0.142550 -0.107216 -0.098391
-0.097375 -0.082389 -0.042475
-0.015109 0.006438 0.027134
0.081038 0.138301 0.163216
0.143650 0.126592 0.135959
0.154427 0.192293 0.234830
0.275835 0.283342 0.306966
0.292285 0.301043 0.287003
0.279230 0.270696 0.293121
0.304652 0.316089 0.469644
-0.996034 -0.737194 -0.738169
-0.731922 -0.733077 -0.765988
-0.756572 -0.628942 -0.455340
-0.381602 -0.338293 -0.329272
-0.350925 -0.365716 -0.389894
-0.363827 -0.343230 -0.281746
-0.222957 -0.168689 -0.142835
-0.110963 -0.098298 -0.074643
-0.055588 -0.045654 -0.027692
-0.000041 0.017262 0.074228
0.136323 0.188653 0.213048
0.172865 0.198154 0.231900
0.255645 0.274208 0.303411
0.303495 0.308901 0.271595
0.249216 0.257419 0.264500
0.248828 0.269192 0.301985
0.358241 0.410512 0.571275
-0.995859 -0.995892 -0.750758
-0.738316 -0.756803 -0.736267
-0.806942 -0.567428 -0.383594
-0.367018 -0.375342 -0.324258
-0.336455 -0.354768 -0.411766
-0.409453 -0.361509 -0.304383
-0.240680 -0.213555 -0.158576
-0.112710 -0.108424 -0.078472
-0.057847 -0.043611 -0.042217
-0.032371 -0.019589 -0.013370
0.000759 0.053925 0.127136
0.183033 0.246755 0.271823
0.332888 0.347822 0.355167
0.317481 0.313246 0.305802
0.277757 0.225147 0.226657
0.240738 0.228645 0.256008
0.325364 0.343821 0.441330
0.554941 0.590590 0.693774
0.703470 -0.995701 -0.750541
-0.751365 -0.752181 -0.757407
-0.758205 -0.843670 -0.620164
-0.459646 -0.371445 -0.377964
-0.365436 -0.367376 -0.388678
-0.427821 -0.409827 -0.364131
-0.227797 -0.172474 -0.128270
-0.114023 -0.103837 -0.107349
-0.095712 -0.069651 -0.031089
-0.022620 -0.023143 -0.017357
-0.008546 0.008205 0.034178
0.113580 0.150082 0.233167
0.268018 0.332020 0.355733
0.362392 0.373517 0.337384
0.313280 0.266365 0.231012
0.227171 0.220643 0.205668
0.232926 0.333988 0.388267
0.474750 0.568494 0.603311
0.618235 0.624049 0.564838
0.606716 0.639852 0.696353
0.712572 0.657536 -0.995538
-0.751142 -0.751968 -0.757199
-0.758009 -0.761025 -0.870591
-0.847023 -0.366687 -0.379571
-0.370351 -0.368812 -0.387777
-0.456929 -0.436692 -0.400539
-0.286578 -0.236420 -0.197979
-0.123796 -0.083520 -0.072525
-0.063659 -0.060006 -0.037154
-0.001651 -0.011840 -0.020977
-0.015964 -0.009417 0.010486
0.037021 0.082946 0.150864
0.226551 0.267542 0.295799
0.314805 0.376381 0.382180
0.377166 0.335752 0.305230
0.277866 0.251481 0.245963
0.228389 0.242114 0.336232
0.399058 0.472052 0.585262
0.618753 0.650456 0.658665
0.619087 0.571951 0.597810
0.619233 0.649667 0.663419
0.870575 -0.751739 -0.752568
-0.747028 -0.742135 -0.828743
-0.858705 -0.869457 -0.347746
-0.361736 -0.337643 -0.391191
-0.425429 -0.451611 -0.433456
-0.320222 -0.290056 -0.228923
-0.175631 -0.113355 -0.082700
-0.069671 -0.060577 -0.048693
-0.032925 -0.003540 0.000093
-0.010322 -0.017380 -0.010431
0.006892 0.045488 0.094416
0.149473 0.189768 0.221809
0.275901 0.304843 0.312521
0.391629 0.401299 0.367544
0.378213 0.285583 0.284771
0.271424 0.246711 0.251650
0.303450 0.413114 0.484996
0.627034 0.640643 0.650482
0.666749 0.653970 0.604358
0.593815 0.609154 0.637762
0.688259 0.760579 0.883791
-0.995222 -0.742971 -0.747918
-0.748640 -0.843858 -0.842751
-0.875480 -0.330317 -0.304013
-0.371975 -0.381925 -0.455755
-0.380161 -0.342201 -0.329524
-0.273238 -0.208836 -0.149779
-0.133135 -0.094851 -0.069866
-0.045612 0.004097 0.025006
0.007269 -0.000932 0.000174
-0.006929 -0.010067 0.013420
0.070893 0.119789 0.162048
0.162347 0.182987 0.218615
0.247867 0.304075 0.321458
0.366243 0.437041 0.420740
0.420454 0.422789 0.338228
0.273700 0.276335 0.340267
0.409747 0.486046 0.608936
0.662512 0.663284 0.662881
0.658752 0.639645 0.600416
0.615227 0.657900 0.705239
0.783521 0.890263 0.898078
-0.995046 0.642437 0.639105
0.629925 -0.854572 -0.853079
0.071852 -0.113620 -0.305857
-0.356015 -0.289369 -0.317014
-0.357212 -0.324334 -0.286693
-0.259672 -0.187181 -0.194719
-0.166896 -0.092047 -0.057117
-0.020799 0.018951 0.066378
0.050209 0.000045 0.000147
0.000221 0.010028 0.022662
0.069379 0.112494 0.146060
0.169689 0.178805 0.189463
0.204157 0.212405 0.322110
0.381268 0.408055 0.465857
0.497218 0.473305 0.392764
0.360502 0.322840 0.336689
0.419088 0.484822 0.621787
0.662604 0.658480 0.667600
0.662528 0.631592 0.634313
0.668977 0.676731 0.732475
0.809424 0.797485 0.929317
0.940036 -0.994879 0.632775
0.642732 0.635001 0.606845
0.577143 0.503216 0.153723
-0.293505 -0.258623 -0.285063
-0.330450 -0.341619 -0.290631
-0.277251 -0.270087 -0.225225
-0.211512 -0.170245 -0.083333
-0.084536 -0.050097 0.022871
0.087303 0.079485 0.018121
0.007968 0.025968 0.013176
0.017770 0.070073 0.121489
0.148391 0.158217 0.195567
0.201982 0.168244 0.163470
0.269057 0.371866 0.431166
0.453574 0.542099 0.518591
0.503144 0.416627 0.367579
0.395365 0.408289 0.483767
0.581591 0.640735 0.640337
0.627673 0.659582 0.630008
0.650877 0.682123 0.715836
0.726543 0.815138 0.805251
0.787469 0.787353 0.782844
-0.994728 0.612799 0.632938
0.636998 0.606912 0.588062
0.494666 0.214773 -0.158055
-0.216263 -0.262549 -0.314778
-0.306108 -0.262858 -0.294160
-0.291827 -0.234842 -0.214940
-0.163481 -0.090793 -0.100934
-0.049918 0.033488 0.093411
0.098815 0.065191 0.040921
0.022427 0.013458 0.017601
0.067491 0.106015 0.142812
0.156428 0.177591 0.198082
0.169757 0.186107 0.274013
0.340281 0.420853 0.449173
0.539792 0.540335 0.501983
0.438697 0.405756 0.421445
0.441072 0.494877 0.576659
0.612338 0.626238 0.626402
0.653422 0.642423 0.670567
0.695816 0.724666 0.745848
0.778240 0.807256 0.787880
0.787700 0.783061 0.778200
-0.994599 0.639247 0.627053
0.620328 0.568672 0.571991
0.469786 0.205384 -0.107399
-0.281439 -0.279261 -0.312320
-0.291162 -0.262999 -0.291140
-0.299632 -0.241273 -0.214318
-0.168798 -0.144840 -0.094158
-0.048791 0.063854 0.125864
0.092163 0.083974 0.084233
0.053371 0.035868 0.035034
0.065253 0.100547 0.132561
0.170229 0.174137 0.198262
0.181012 0.198835 0.273358
0.353883 0.434471 0.469456
0.531015 0.533710 0.475331
0.471995 0.466949 0.469562
0.446493 0.495695 0.561684
0.603038 0.604848 0.617121
0.651244 0.643232 0.680357
0.706291 0.739223 0.749310
0.779329 0.793192 0.762862
0.762763 0.763091 0.769791
-0.994500 0.664902 0.665255
0.641552 0.593989 0.524061
0.446021 0.265979 -0.064978
-0.304556 -0.331181 -0.347477
-0.331909 -0.276836 -0.297527
-0.283501 -0.277939 -0.232061
-0.197650 -0.175393 -0.136552
-0.017037 0.081267 0.145150
0.088316 0.119675 0.120301
0.092407 0.054698 0.050579
0.070669 0.079806 0.103912
0.147527 0.177372 0.196854
0.191034 0.210511 0.273565
0.342246 0.400038 0.439420
0.520799 0.529786 0.446185
0.476852 0.493326 0.505342
0.501530 0.553706 0.589866
0.610692 0.590336 0.640262
0.660392 0.653848 0.701508
0.718347 0.755755 0.756479
0.778826 0.757868 0.760304
0.750015 0.754669 0.766533
-0.994276 0.714898 0.693514
0.691768 0.633977 0.526576
0.438073 0.302763 -0.087049
-0.328467 -0.345279 -0.358041
-0.359950 -0.323930 -0.312179
-0.370015 -0.336763 -0.231033
-0.197658 -0.191036 -0.102531
-0.023373 0.054495 0.048634
0.060226 0.163784 0.170153
0.114129 0.122795 0.088269
0.084401 0.058164 0.118474
0.152043 0.196816 0.192436
0.195233 0.197916 0.273163
0.342235 0.374886 0.422889
0.453489 0.468681 0.456201
0.458714 0.487237 0.529525
0.542209 0.560334 0.573335
0.609057 0.587826 0.633225
0.660265 0.660067 0.699760
0.737729 0.767882 0.759879
0.763835 0.731953 0.724790
0.725768 0.732064 0.768443
-0.994223 0.730923 0.730674
0.699795 0.659148 0.547753
0.320754 0.201678 -0.171707
-0.315692 -0.372043 -0.382937
-0.381430 -0.321343 -0.363919
-0.418876 -0.362327 -0.263368
-0.166007 -0.156761 -0.145422
-0.018874 0.004005 0.048772
0.126656 0.233194 0.260562
0.208808 0.164167 0.096428
0.053009 0.048166 0.103393
0.148134 0.155688 0.179177
0.206558 0.198356 0.231057
0.322960 0.364144 0.388004
0.405992 0.419692 0.432164
0.399735 0.412085 0.533004
0.570359 0.594887 0.569305
0.593324 0.608551 0.594080
0.659526 0.658902 0.723756
0.748428 0.775704 0.750951
0.744144 0.728292 0.702921
0.700079 0.716026 0.750708
-0.994421 0.736172 0.719677
0.711623 0.668722 0.531864
0.287428 0.115887 -0.245216
-0.332445 -0.346514 -0.411267
-0.411497 -0.356700 -0.415019
-0.453268 -0.384026 -0.265636
-0.180085 -0.116091 -0.095576
-0.029783 0.004075 0.052304
0.200962 0.257554 0.289178
0.248251 0.183609 0.114296
0.040841 0.041205 0.099435
0.126390 0.126605 0.159196
0.201713 0.210518 0.214203
0.308325 0.342973 0.348389
0.364403 0.365077 0.392859
0.406119 0.427902 0.471692
0.579561 0.617257 0.586452
0.595968 0.609734 0.598060
0.659178 0.688714 0.743822
0.774947 0.778518 0.736357
0.727333 0.707503 0.688493
0.687314 0.692077 0.715244
-0.994471 0.747098 0.719209
0.706517 0.651815 0.143668
0.097039 -0.009112 -0.287475
-0.349050 -0.405513 -0.425336
-0.406697 -0.436149 -0.464638
-0.460668 -0.361947 -0.274883
-0.190867 -0.118031 -0.071761
-0.004309 0.022051 0.068196
0.185328 0.252852 0.275866
0.240095 0.222771 0.157408
0.069332 0.035107 0.079801
0.120742 0.113177 0.139994
0.177310 0.217947 0.218601
0.283668 0.332241 0.347265
0.347556 0.348902 0.368878
0.395268 0.450456 0.487172
0.546637 0.633356 0.635969
0.595812 0.613156 0.621751
0.625639 0.715677 0.763292
0.774444 0.770125 0.731009
0.708355 0.692085 0.687645
0.682124 0.690194 0.719615
-0.994803 0.715121 0.714542
0.473700 0.162654 -0.008444
-0.119505 -0.243987 -0.328637
-0.378913 -0.420282 -0.438609
-0.411541 -0.452882 -0.495990
-0.476849 -0.374406 -0.284596
-0.192442 -0.110983 -0.058242
0.003454 0.050297 0.070949
0.145863 0.241431 0.274230
0.280596 0.243663 0.149519
0.052611 0.041890 0.082152
0.105433 0.130849 0.129162
0.142285 0.203394 0.238767
0.253321 0.326608 0.320556
0.318232 0.336506 0.366892
0.413711 0.473191 0.534565
0.551345 0.653223 0.648192
0.580775 0.610563 0.629130
0.639729 0.730148 0.772492
0.771820 0.768456 0.725055
0.705323 0.693057 0.695035
0.681414 0.683480 0.715737
-0.994912 0.749508 0.656330
0.413265 -0.331299 -0.277336
-0.332902 -0.389136 -0.418952
-0.419704 -0.447992 -0.468207
-0.446022 -0.498388 -0.519314
-0.444567 -0.368494 -0.299986
-0.142639 -0.094176 -0.082927
-0.030500 0.028617 0.064497
0.172576 0.216219 0.268528
0.274422 0.205276 0.132123
0.058945 0.093078 0.123240
0.114227 0.163459 0.132205
0.127991 0.206192 0.274061
0.282036 0.285433 0.296282
0.307811 0.323327 0.387399
0.422382 0.501872 0.567172
0.557520 0.658345 0.649882
0.582664 0.609100 0.643163
0.673015 0.739054 0.775242
0.770881 0.768783 0.720441
0.719755 0.699253 0.706031
0.703814 0.685476 0.711518
-0.995021 -0.252996 -0.463864
-0.465807 -0.446020 -0.418730
-0.469821 -0.463072 -0.450667
-0.468711 -0.473635 -0.434473
-0.503361 -0.514036 -0.452825
-0.392687 -0.330787 -0.141334
-0.123991 -0.097486 -0.040358
0.012017 0.180080 0.213824
0.176024 0.105177 0.094360
0.152288 0.197001 0.156474
0.160215 0.170178 0.125505
0.216625 0.274714 0.292341
0.247737 0.248262 0.294441
0.319894 0.356181 0.470333
0.528148 0.576257 0.632562
0.650958 0.639409 0.586091
0.614188 0.657441 0.681433
0.744083 0.775658 0.767884
0.762865 0.717518 0.716599
0.702688 0.712801 0.721754
0.694351 0.721876 -0.995109
-0.253597 -0.254317 -0.255042
-0.542204 -0.530745 -0.456771
-0.543669 -0.504330 -0.468728
-0.472115 -0.468705 -0.460054
-0.519381 -0.520327 -0.441139
-0.398696 -0.332646 -0.196964
-0.146700 -0.113853 -0.075433
0.055319 0.132325 0.102708
0.151007 0.201524 0.244273
0.210651 0.209736 0.200644
0.139278 0.223163 0.269380
0.282042 0.229946 0.206029
0.268833 0.315082 0.362836
0.512757 0.563724 0.593299
0.624167 0.624184 0.611657
0.587100 0.619508 0.650883
0.682404 0.758249 0.783256
0.761976 0.764704 0.711788
0.719684 0.700950 0.717952
0.729301 0.725462 -0.995057
-0.995154 -0.254170 -0.254866
-0.255568 -0.567030 -0.552141
-0.591512 -0.577544 -0.521698
-0.475072 -0.468108 -0.464455
-0.458809 -0.525641 -0.517094
-0.436221 -0.405749 -0.322248
-0.198553 -0.155887 -0.130123
-0.049489 0.085599 0.064371
0.102033 0.141251 0.218222
0.252686 0.274007 0.304681
0.271732 0.166346 0.212922
0.273468 0.263462 0.227406
0.173068 0.263899 0.314056
0.367041 0.542186 0.580559
0.606292 0.617194 0.629368
0.591768 0.573257 0.616853
0.659730 0.697470 0.750779
0.768561 0.751745 0.758320
0.705562 0.725658 0.702973
0.738451 0.753153 -0.994986
-0.995065 -0.256333 -0.257026
-0.256170 -0.246816 -0.617997
-0.600274 -0.636313 -0.561240
-0.518362 -0.470404 -0.480409
-0.475284 -0.452293 -0.479515
-0.515189 -0.467653 -0.402107
-0.327863 -0.193596 -0.141159
-0.124616 -0.074212 0.017564
0.119451 0.013920 0.086790
0.163815 0.199165 0.248927
0.330319 0.366991 0.318017
0.194951 0.233268 0.270325
0.252446 0.228037 0.225298
0.268093 0.294878 0.364628
0.552078 0.604902 0.616793
0.615913 0.606517 0.567719
0.565118 0.614006 0.658670
0.683089 0.743700 0.757508
0.740133 0.747884 0.706707
0.742948 0.735244 0.767731
0.774806 -0.994949 -0.283838
-0.284505 -0.258227 -0.258159
-0.249944 -0.694115 -0.644542
-0.635271 -0.532122 -0.485558
-0.466808 -0.478756 -0.478494
-0.444651 -0.496250 -0.511496
-0.449046 -0.394822 -0.319987
-0.203330 -0.117827 -0.103248
-0.083593 0.067974 0.049320
0.098899 0.133027 0.177271
0.258969 0.369689 0.392253
0.374794 0.276388 0.267410
0.261101 0.260613 0.244685
0.262165 0.291362 0.313226
0.339107 0.552990 0.611052
0.624317 0.610608 0.578989
0.560377 0.573339 0.607107
0.654021 0.718985 0.724273
0.747036 0.731136 0.734384
0.715251 0.742866 0.745906
0.772162 0.773432 -0.994725
-0.284460 -0.285107 -0.258639
-0.258569 -0.242162 -0.242813
-0.674085 -0.600289 -0.511990
-0.447964 -0.440849 -0.457051
-0.479319 -0.451054 -0.482661
-0.500340 -0.449960 -0.395135
-0.322292 -0.205232 -0.109618
-0.101520 -0.071547 0.028721
0.028380 0.072210 0.067723
0.067842 0.129004 0.161489
0.272947 0.325377 0.397203
0.422012 0.371348 0.316779
0.281224 0.273008 0.275669
0.294337 0.302408 0.306344
0.427022 0.520180 0.605655
0.634249 0.618958 0.588654
0.540380 0.574805 0.629600
0.631918 0.697424 0.704861
0.734916 0.734655 0.737973
0.740473 0.741249 0.759636
0.780027 0.783248 -0.994533
-0.319423 -0.268620 -0.269148
-0.273816 -0.268041 -0.703473
-0.634672 -0.558991 -0.465199
-0.417501 -0.410152 -0.442949
-0.464912 -0.438325 -0.459699
-0.464067 -0.470500 -0.400430
-0.334896 -0.199721 -0.129555
-0.102287 -0.087832 -0.085969
-0.043089 -0.020016 0.005947
0.049701 0.087699 0.090895
0.095822 0.116601 0.193717
0.310553 0.335871 0.417436
0.447860 0.422103 0.355217
0.310610 0.324078 0.317726
0.325761 0.331291 0.336080
0.408066 0.521319 0.603656
0.622123 0.624015 0.586316
0.561727 0.586811 0.623405
0.614748 0.673197 0.683340
0.722714 0.733363 0.750647
0.761253 0.763394 0.769676
0.842492 0.836140 -0.994364
-0.311444 -0.283920 -0.304087
-0.304006 -0.303930 -0.692490
-0.581007 -0.520220 -0.446560
-0.391209 -0.378297 -0.402645
-0.462370 -0.441191 -0.452497
-0.452694 -0.460827 -0.395091
-0.317831 -0.226515 -0.175497
-0.130016 -0.106789 -0.099748
-0.095924 -0.068126 -0.020966
0.055058 0.097223 0.119404
0.121155 0.128493 0.187314
0.295034 0.376782 0.421586
0.493105 0.425990 0.310380
0.352557 0.370187 0.343041
0.339395 0.320235 0.344048
0.408529 0.489332 0.564621
0.630258 0.608626 0.555435
0.587843 0.607362 0.605851
0.645493 0.651230 0.664054
0.712547 0.732885 0.772228
0.775207 0.780073 0.810285
0.833281 0.833696 -0.993936
-0.307688 -0.316322 -0.308357
-0.316726 -0.333067 -0.686963
-0.638270 -0.474446 -0.426207
-0.369663 -0.337125 -0.379896
-0.469222 -0.481285 -0.426901
-0.418805 -0.445126 -0.413283
-0.309136 -0.265251 -0.222963
-0.181354 -0.149613 -0.125561
-0.120077 -0.108116 -0.034092
0.064421 0.111726 0.136774
0.145330 0.147999 0.194805
0.304805 0.374085 0.495784
0.515321 0.407561 0.315626
0.378782 0.387655 0.368757
0.345595 0.337947 0.363995
0.430710 0.465581 0.558060
0.635296 0.611576 0.583154
0.602385 0.615266 0.592190
0.629975 0.630520 0.636228
0.665127 0.713753 0.765393
0.792194 0.799880 0.824458
0.815552 0.793427 -0.993722
-0.293129 -0.323794 -0.342822
-0.326006 -0.325647 -0.677600
-0.589730 -0.469886 -0.374447
-0.323602 -0.314258 -0.397315
-0.478090 -0.480163 -0.395127
-0.376867 -0.416227 -0.381664
-0.301024 -0.257900 -0.256725
-0.221303 -0.202557 -0.154098
-0.138374 -0.085520 0.017583
0.075060 0.117331 0.144049
0.140667 0.157062 0.211428
0.281073 0.416339 0.513430
0.481253 0.404102 0.327407
0.371967 0.372975 0.372663
0.360400 0.380525 0.407841
0.420106 0.490246 0.618878
0.638400 0.620181 0.613744
0.628757 0.620082 0.591164
0.604417 0.623599 0.627203
0.651161 0.710559 0.761492
0.782961 0.789582 0.780470
0.786352 0.777978 -0.993114
-0.294235 -0.327968 -0.326990
-0.339892 -0.382576 -0.630107
-0.582039 -0.490607 -0.371016
-0.290223 -0.331321 -0.407335
-0.470517 -0.484043 -0.373879
-0.315555 -0.369740 -0.344939
-0.305400 -0.274791 -0.274382
-0.268865 -0.257100 -0.210359
-0.127656 -0.069901 0.021234
0.082776 0.123529 0.135055
0.122785 0.150061 0.245697
0.282091 0.365830 0.493387
0.508894 0.373971 0.322681
0.374350 0.370192 0.372119
0.394105 0.418981 0.432609
0.437897 0.549172 0.615048
0.627547 0.609616 0.630810
0.641787 0.623704 0.593056
0.599193 0.607423 0.616618
0.645352 0.718260 0.742548
0.791134 0.777681 0.781934
0.781088 0.778571 -0.992346
-0.376063 -0.420402 -0.482372
-0.433926 -0.453408 -0.669042
-0.561659 -0.484882 -0.386807
-0.302330 -0.357293 -0.415467
-0.460583 -0.430729 -0.354393
-0.283235 -0.313322 -0.310629
-0.304167 -0.293043 -0.282791
-0.290139 -0.300256 -0.246123
-0.161033 -0.056588 0.020673
0.065407 0.098586 0.116091
0.121583 0.171627 0.227182
0.306209 0.392470 0.484213
0.471657 0.382198 0.339199
0.367846 0.376329 0.371848
0.432591 0.459618 0.453792
0.440769 0.528616 0.595948
0.616635 0.589819 0.645006
0.637891 0.613189 0.616081
0.587294 0.606116 0.613378
0.661675 0.717894 0.754043
0.780524 0.765638 0.771854
0.778193 0.775549 -0.991416
-0.397671 -0.514871 -0.514468
-0.494852 -0.474505 -0.715316
-0.503921 -0.467767 -0.466727
-0.376655 -0.379571 -0.433419
-0.447289 -0.418530 -0.341248
-0.270405 -0.278317 -0.296751
-0.318811 -0.323419 -0.309511
-0.299152 -0.266021 -0.238046
-0.152650 -0.071863 0.008585
0.035940 0.082415 0.084497
0.115013 0.135171 0.259124
0.340002 0.429901 0.467019
0.428910 0.330016 0.346516
0.364324 0.399047 0.377372
0.457982 0.488605 0.483743
0.445982 0.524395 0.560776
0.587904 0.598356 0.635755
0.634202 0.631527 0.611550
0.611498 0.604074 0.633459
0.681091 0.724871 0.752572
0.766857 0.763825 0.762586
0.763857 -0.431873 -0.448416
-0.452413 -0.443843 -0.414938
-0.412211 -0.397695 -0.519766
-0.497460 -0.414802 -0.357454
-0.431392 -0.429421 -0.401333
-0.361019 -0.283226 -0.241642
-0.254965 -0.328575 -0.309449
-0.296096 -0.274778 -0.235928
-0.193159 -0.115499 -0.040248
0.004711 0.026503 0.051763
0.052509 0.113981 0.170611
0.273874 0.408560 0.450860
0.423624 0.353727 0.312960
0.333654 0.389986 0.381092
0.435108 0.469869 0.475138
0.441548 0.469135 0.512095
0.550194 0.575250 0.592107
0.618906 0.633794 0.634939
0.629934 0.626029 0.611659
0.662038 0.688006 0.738437
0.750271 0.752739 0.762424
0.756119 0.757708 -0.444123
-0.415161 -0.411619 -0.385689
-0.387826 -0.345604 -0.396724
-0.360866 -0.527827 -0.494079
-0.434474 -0.391374 -0.399825
-0.411724 -0.366263 -0.325898
-0.287916 -0.285650 -0.294105
-0.303074 -0.323680 -0.302259
-0.240822 -0.214096 -0.143390
-0.103568 -0.042181 -0.001328
0.020634 0.020835 0.067891
0.136548 0.207623 0.274423
0.373493 0.391003 0.392661
0.346742 0.343595 0.347505
0.360104 0.462564 0.478369
0.485043 0.443764 0.434124
0.452919 0.489809 0.508940
0.577011 0.599306 0.616302
0.626562 0.645952 0.647047
0.655757 0.664762 0.693726
0.727857 0.728864 0.733380
0.749214 0.751717 0.748417
0.755788 -0.442402 -0.410838
-0.409585 -0.454674 -0.434431
-0.427842 -0.416777 -0.966652
-0.537494 -0.458225 -0.414499
-0.430821 -0.353431 -0.310655
-0.307476 -0.287628 -0.305638
-0.316009 -0.314580 -0.280537
-0.277546 -0.221236 -0.161443
-0.117265 -0.081438 -0.045744
-0.033218 -0.010044 0.028883
0.067747 0.135412 0.220430
0.296268 0.346203 0.360407
0.300937 0.319358 0.338033
0.341520 0.418315 0.472778
0.484995 0.455371 0.436966
0.428498 0.432945 0.447530
0.536428 0.585706 0.599164
0.611974 0.639076 0.644325
0.671152 0.677227 0.688290
0.718685 0.720249 0.735864
0.745724 0.748027 0.743890
0.737696 -0.984049 -0.473783
-0.475758 -0.443447 -0.425046
-0.413445 -0.406224 -0.962962
-0.662637 -0.460953 -0.438190
-0.382436 -0.359073 -0.341017
-0.297353 -0.252506 -0.227613
-0.251702 -0.261763 -0.230765
-0.202435 -0.194959 -0.184451
-0.169426 -0.151679 -0.102346
-0.059235 -0.019049 0.011246
0.067775 0.172156 0.252128
0.302854 0.321398 0.319209
0.294398 0.308268 0.328882
0.401205 0.448901 0.481615
0.466884 0.452787 0.432217
0.434520 0.411229 0.458761
0.523632 0.565478 0.595399
0.618922 0.635041 0.669837
0.690623 0.709822 0.708105
0.711553 0.723755 0.728362
0.737244 0.750305 0.747728
-0.980074 -0.488574 -0.469463
-0.448725 -0.419825 -0.450928
-0.508014 -0.959006 -0.636144
-0.552340 -0.502459 -0.437197
-0.356302 -0.354330 -0.301199
-0.274340 -0.255841 -0.243578
-0.225275 -0.197450 -0.214407
-0.205000 -0.208337 -0.162142
-0.134019 -0.101342 -0.077316
-0.018890 0.039266 0.099014
0.176777 0.245001 0.275058
0.294581 0.284182 0.265505
0.291404 0.361794 0.414226
0.469594 0.499745 0.467097
0.450400 0.421641 0.385969
0.418211 0.489699 0.526029
0.558388 0.594578 0.634456
0.650276 0.688428 0.715114
0.718464 0.718570 0.712509
0.717793 0.729395 0.723473
-0.975875 -0.456687 -0.469010
-0.430024 -0.410024 -0.514332
-0.596877 -0.950737 -0.591310
-0.564506 -0.583817 -0.531863
-0.448850 -0.400357 -0.379771
-0.274397 -0.259544 -0.240742
-0.197752 -0.204064 -0.254608
-0.218210 -0.218059 -0.207618
-0.153424 -0.121017 -0.061833
0.000794 0.084768 0.128037
0.171177 0.237114 0.247878
0.260030 0.257787 0.265622
0.361906 0.392981 0.431926
0.474545 0.495943 0.471223
0.453521 0.380628 0.396837
0.434042 0.496741 0.530451
0.578978 0.635228 0.640691
0.675262 0.701863 0.724456
0.729130 0.717758 0.715150
0.726936 0.724961 -0.973361
-0.437488 -0.449172 -0.481368
-0.442215 -0.589710 -0.666172
-0.665781 -0.702839 -0.602934
-0.593723 -0.599015 -0.489477
-0.473645 -0.377046 -0.290067
-0.290919 -0.292817 -0.259819
-0.249333 -0.276702 -0.283356
-0.267869 -0.207935 -0.159130
-0.125275 -0.077180 0.009023
0.109073 0.163731 0.199308
0.237891 0.242860 0.241609
0.256211 0.280450 0.365067
0.403709 0.444003 0.483668
0.484727 0.474345 0.394941
0.387860 0.415304 0.460786
0.475114 0.520359 0.592134
0.648300 0.681902 0.707495
0.716385 0.724566 0.729180
-0.433637 -0.487387 -0.503067
-0.639497 -0.673438 -0.632567
-0.859985 -0.716463 -0.644796
-0.643913 -0.611550 -0.514080
-0.494143 -0.450295 -0.304166
-0.298070 -0.306738 -0.247521
-0.276574 -0.313236 -0.310907
-0.270217 -0.206542 -0.147258
-0.102517 -0.020865 0.044556
0.100658 0.156739 0.196513
0.222176 0.243482 0.241834
0.260073 0.303923 0.363450
0.408145 0.468142 0.464458
0.485749 0.410846 0.394538
0.411100 0.431287 0.438106
0.534121 0.579960 0.614743
0.679845 0.701746 0.720225
0.724430 0.726432 -0.974822
-0.501338 -0.496984 -0.649206
-0.657750 -0.648732 -0.860685
-0.821277 -0.713500 -0.685347
-0.641491 -0.605100 -0.487060
-0.457889 -0.374495 -0.335776
-0.289417 -0.285663 -0.293936
-0.332430 -0.304621 -0.247379
-0.185459 -0.108729 -0.063817
0.007230 0.049870 0.108409
0.150793 0.182829 0.215679
0.237101 0.237208 0.235796
0.297215 0.390458 0.435934
0.460171 0.472570 0.425992
0.395258 0.395106 0.386194
0.400638 0.426807 0.514335
0.598080 0.634155 0.707140
0.708341 0.729006 0.729696
-0.969506 -0.537456 -0.641072
-0.613861 -0.646169 -0.626025
-0.820508 -0.723766 -0.694379
-0.691062 -0.678600 -0.616209
-0.575413 -0.458683 -0.391512
-0.344241 -0.309056 -0.273296
-0.290828 -0.323442 -0.267309
-0.219060 -0.153475 -0.097361
-0.049305 0.011837 0.049629
0.103154 0.141319 0.167441
0.195108 0.199343 0.217828
0.227678 0.313664 0.374081
0.430585 0.449899 0.435924
0.412945 0.392106 0.368133
0.356326 0.396162 0.410952
0.498883 0.590758 0.629221
0.719116 -0.589592 -0.630923
-0.610482 -0.634088 -0.634524
-0.754634 -0.688736 -0.659778
-0.670746 -0.666281 -0.662296
-0.589098 -0.516105 -0.382023
-0.318361 -0.301552 -0.286620
-0.285539 -0.269813 -0.230366
-0.170605 -0.109803 -0.063373
-0.023812 0.005609 0.053063
0.084942 0.120038 0.147332
0.139197 0.175405 0.233716
0.247774 0.311908 0.375513
0.420172 0.423260 0.431255
0.401052 0.376698 0.321145
0.317950 0.373150 0.389207
0.471110 0.566547 0.610835
-0.644302 -0.659904 -0.651980
-0.667580 -0.719653 -0.660659
-0.652965 -0.654545 -0.658330
-0.650752 -0.623308 -0.541079
-0.368728 -0.321585 -0.290252
-0.270604 -0.234798 -0.224100
-0.173621 -0.109970 -0.053041
-0.022506 -0.013412 -0.023382
-0.000156 0.030416 0.058218
0.097999 0.137796 0.178208
0.244275 0.301858 0.336841
0.375384 0.410514 0.429759
0.431396 0.368593 0.314796
0.274662 0.287897 0.313328
0.360788 0.499130 0.547401
-0.631260 -0.592081 -0.686391
-0.664266 -0.657992 -0.665815
-0.661659 -0.653856 -0.635628
-0.555359 -0.433461 -0.371898
-0.269030 -0.241766 -0.217147
-0.168728 -0.123303 -0.103790
-0.064641 -0.035627 -0.033140
-0.037379 -0.029529 -0.015814
0.019414 0.079351 0.140920
0.177694 0.242566 0.293190
0.362936 0.402290 0.465009
0.471707 0.430675 0.373136
0.327962 0.296669 0.298713
0.298322 0.325851 0.454255
-0.665807 -0.666372 -0.660091
-0.638088 -0.641023 -0.626178
-0.641612 -0.618958 -0.447515
-0.409530 -0.319603 -0.234864
-0.167728 -0.130757 -0.103019
-0.089371 -0.048909 -0.031513
-0.044466 -0.055027 -0.054792
-0.050172 -0.006197 0.066393
0.124729 0.177455 0.225250
0.356780 0.374532 0.460682
0.510504 0.497343 0.472130
0.369014 0.338258 0.299061
0.303955 0.316292 0.325380
-0.638727 -0.627098 -0.604626
-0.597349 -0.455875 -0.376613
-0.320328 -0.229677 -0.199847
-0.156026 -0.114596 -0.091538
-0.072623 -0.055531 -0.079507
-0.087732 -0.084987 -0.067157
-0.038897 0.000403 0.068934
0.186031 0.253605 0.338728
0.419344 0.507348 0.520620
0.527689 0.502929 0.412017
0.366728 0.333885 -0.625212
-0.604756 -0.591621 -0.585617
-0.549797 -0.471460 -0.357859
-0.267371 -0.205475 -0.191208
-0.150201 -0.120218 -0.105745
-0.081256 -0.089235 -0.092445
-0.110723 -0.112549 -0.094699
-0.042827 0.087836 0.170584
0.259037 0.333210 0.428330
0.490830 0.520874 0.548199
0.512320 0.450630 -0.591821
-0.580608 -0.576508 -0.546732
-0.505560 -0.400651 -0.354981
-0.277462 -0.207760 -0.161291
-0.159662 -0.122512 -0.125255
-0.114864 -0.132701 -0.130314
-0.126107 -0.110839 -0.067075
0.032678 0.183883 0.259593
0.323907 0.429929 0.479443
0.514183 0.541656 0.504938
-0.587660 -0.579556 -0.571163
-0.547436 -0.507550 -0.469155
-0.402783 -0.336004 -0.279150
-0.260374 -0.218871 -0.161036
-0.116555 -0.136576 -0.152616
-0.175081 0.019548 0.131884
0.253817 0.328859 0.414035
0.443642 0.499479 0.532087
-0.392521 -0.342821 -0.271187
-0.219426 -0.200933 -0.184032
-0.162658 -0.165926 -0.165088
-0.058296 -0.007408 0.087184
0.252522 0.349641 0.408196
0.444500 -0.689383 -0.679199
-0.650273 -0.658675 -0.688145
-0.733303 -0.716720 -0.717625
-0.709540 -0.698133 -0.690793
-0.680324 -0.681889 -0.662802
-0.646259 -0.679006 -0.647321
-0.664294 -0.695399 -0.708157
-0.713830 -0.724800 -0.731541
-0.730733 -0.712173 -0.655257
-0.716516 -0.761663 -0.119673
-0.756751 -0.756421 -0.700722
-0.691442 -0.757025 -0.739926
-0.677269 -0.714925 -0.691456
-0.701820 -0.693261 -0.694739
-0.676824 -0.682144 -0.695842
-0.708041 -0.722691 -0.729803
-0.725041 -0.726914 -0.724926
-0.681563 -0.649727 -0.687131
-0.694827 -0.702158 -0.716295
-0.754005 -0.768720 -0.784490
-0.488785 -0.775836 -0.821927
-0.812554 -0.797859 -0.777219
-0.741643 -0.729941 -0.725366
-0.718603 -0.706541 -0.703009
-0.709002 -0.703938 -0.690630
-0.680893 -0.693556 -0.707651
-0.716103 -0.724288 -0.719458
-0.733555 -0.722462 -0.689458
-0.623968 -0.602188 -0.643225
-0.658133 -0.699759 -0.705840
-0.727038 -0.753619 -0.780083
-0.782061 -0.783236 -0.141870
-0.749551 -0.761665 -0.798845
-0.829067 -0.819012 -0.814375
-0.777223 -0.762398 -0.732246
-0.739026 -0.763678 -0.761743
-0.745640 -0.730893 -0.712780
-0.692804 -0.678350 -0.681963
-0.692718 -0.703341 -0.718407
-0.724004 -0.738936 -0.737827
-0.708346 -0.673517 -0.647070
-0.602240 -0.645110 -0.656795
-0.701824 -0.720811 -0.746344
-0.754221 -0.773427 -0.772212
-0.762715 -0.762890 -0.742091
-0.760114 -0.823445 -0.822380
-0.810666 -0.816492 -0.811644
-0.783656 -0.753830 -0.753133
-0.737860 -0.746470 -0.749458
-0.743561 -0.734889 -0.718598
-0.698490 -0.675801 -0.679855
-0.690356 -0.698140 -0.720817
-0.727104 -0.736002 -0.734164
-0.731167 -0.715282 -0.700658
-0.635685 -0.627413 -0.597718
-0.660382 -0.707072 -0.747655
-0.748971 -0.760878 -0.769361
-0.753526 -0.755981 -0.742321
-0.778290 -0.781433 -0.787594
-0.802024 -0.813117 -0.811541
-0.772863 -0.745198 -0.732460
-0.724887 -0.708972 -0.710146
-0.731885 -0.749918 -0.746463
-0.726531 -0.701554 -0.689271
-0.671030 -0.666760 -0.665129
-0.668532 -0.696523 -0.717135
-0.732766 -0.734637 -0.725756
-0.718081 -0.710080 -0.670452
-0.654596 -0.622535 -0.634147
-0.638689 -0.656980 -0.722937
-0.744497 -0.739085 -0.745035
-0.732846 -0.725071 -0.526326
-0.481518 -0.442071 -0.430206
-0.748960 -0.761314 -0.767849
-0.782541 -0.783628 -0.752713
-0.728592 -0.716972 -0.690516
-0.698637 -0.670779 -0.667721
-0.675035 -0.673974 -0.682522
-0.656323 -0.645611 -0.633835
-0.624989 -0.622382 -0.660187
-0.675682 -0.692048 -0.719891
-0.743281 -0.742533 -0.751991
-0.742732 -0.736144 -0.716557
-0.711111 -0.659933 -0.654431
-0.634065 -0.656787 -0.667964
-0.677785 -0.708821 -0.719058
-0.714973 -0.699428 -0.561798
-0.520583 -0.496036 -0.607412
-0.714512 -0.736726 -0.751772
-0.775044 -0.765912 -0.742507
-0.726719 -0.705643 -0.666713
-0.650280 -0.622733 -0.631417
-0.639094 -0.636082 -0.642058
-0.645435 -0.629346 -0.624253
-0.617080 -0.615099 -0.614214
-0.622224 -0.628278 -0.647307
-0.666454 -0.691356 -0.708092
-0.725076 -0.752473 -0.767620
-0.747539 -0.730878 -0.710040
-0.700470 -0.661988 -0.657322
-0.642565 -0.648520 -0.679069
-0.684840 -0.684094 -0.679875
-0.645898 -0.566455 -0.580975
-0.579212 -0.577453 -0.572076
-0.509818 -0.521063 -0.734971
-0.730846 -0.747742 -0.723345
-0.715956 -0.726867 -0.666137
-0.647604 -0.611388 -0.613757
-0.586986 -0.596768 -0.628232
-0.623570 -0.631633 -0.638482
-0.647684 -0.654593 -0.654871
-0.676846 -0.677925 -0.662208
-0.599123 -0.592858 -0.647348
-0.668789 -0.700277 -0.716188
-0.730965 -0.744489 -0.760152
-0.768923 -0.749692 -0.742617
-0.700523 -0.683794 -0.669296
-0.653722 -0.635548 -0.644985
-0.666161 -0.618313 -0.088918
-0.593927 -0.592562 -0.607936
-0.606436 -0.571593 -0.412292
-0.563119 -0.694858 -0.704922
-0.712881 -0.709830 -0.673267
-0.662868 -0.603203 -0.605219
-0.595444 -0.604741 -0.624160
-0.640011 -0.657088 -0.711278
-0.713390 -0.709463 -0.712485
-0.716161 -0.729132 -0.711428
-0.729009 -0.698201 -0.674511
-0.660201 -0.649955 -0.627439
-0.650539 -0.669051 -0.711487
-0.735544 -0.744875 -0.758478
-0.761917 -0.766256 -0.755882
-0.723987 -0.687839 -0.681827
-0.676197 -0.673918 -0.649241
-0.636679 -0.565734 -0.090596
-0.090285 -0.566685 -0.593226
-0.559080 -0.604035 -0.375559
-0.608467 -0.669707 -0.679378
-0.682741 -0.695455 -0.664558
-0.659832 -0.606095 -0.596313
-0.591089 -0.654721 -0.688003
-0.701425 -0.717134 -0.744420
-0.738166 -0.816093 -0.820529
-0.833542 -0.837760 -0.844115
-0.844060 -0.850248 -0.857027
-0.836440 -0.804243 -0.777776
-0.764253 -0.676841 -0.684791
-0.686210 -0.691748 -0.743029
-0.753262 -0.759783 -0.765213
-0.784881 -0.789047 -0.752500
-0.736361 -0.732119 -0.686670
-0.711951 -0.648899 -0.589028
-0.573483 -0.561935 -0.551460
-0.091928 -0.568344 -0.567052
-0.565768 -0.559474 -0.558207
-0.359077 -0.557804 -0.629019
-0.654091 -0.651559 -0.653383
-0.631866 -0.610995 -0.581501
-0.605876 -0.659314 -0.810084
-0.812604 -0.824900 -0.829193
-0.831234 -0.836609 -0.840626
-0.846057 -0.849498 -0.858664
-0.859351 -0.865915 -0.878254
-0.894838 -0.892925 -0.866684
-0.875066 -0.838670 -0.792333
-0.704746 -0.695421 -0.691076
-0.704256 -0.752118 -0.763044
-0.775373 -0.805284 -0.811101
-0.811964 -0.827695 -0.832168
-0.761791 -0.736346 -0.729504
-0.666935 -0.667548 -0.633734
-0.561099 -0.619817 -0.611575
-0.616071 -0.564339 -0.560533
-0.618275 -0.093095 -0.568711
-0.567424 -0.561144 -0.559873
-0.556089 -0.411093 -0.370535
-0.636653 -0.630483 -0.642787
-0.648984 -0.611318 -0.594934
-0.646596 -0.673242 -0.821222
-0.837561 -0.828685 -0.841494
-0.856034 -0.887800 -0.897652
-0.903831 -0.910870 -0.918085
-0.916607 -0.918177 -0.923340
-0.923298 -0.922357 -0.923464
-0.927719 -0.922238 -0.893321
-0.878148 -0.857591 -0.850365
-0.726545 -0.706280 -0.718905
-0.752283 -0.788486 -0.817551
-0.834022 -0.866968 -0.867717
-0.885627 -0.851890 -0.832665
-0.805502 -0.698016 -0.685608
-0.675456 -0.658545 -0.639343
-0.639627 -0.631481 -0.637149
-0.620115 -0.625503 -0.154451
-0.569081 -0.567800 -0.566438
-0.576802 -0.505152 -0.441178
-0.379474 -0.631690 -0.646878
-0.654810 -0.639162 -0.655945
-0.676333 -0.688540 -0.843500
-0.850307 -0.888998 -0.905021
-0.919790 -0.906170 -0.889576
-0.901894 -0.929928 -0.950863
-0.953336 -0.953123 -0.955511
-0.957868 -0.957981 -0.958255
-0.958802 -0.960138 -0.960471
-0.945813 -0.928266 -0.891569
-0.865332 -0.853949 -0.754478
-0.750610 -0.744369 -0.766088
-0.848781 -0.865439 -0.891223
-0.909778 -0.916293 -0.902834
-0.859338 -0.829961 -0.715131
-0.706967 -0.699426 -0.657013
-0.664444 -0.674481 -0.675479
-0.662182 -0.638259 -0.626977
-0.531054 -0.151626 -0.095093
-0.572470 -0.566451 -0.565288
-0.486400 -0.478268 -0.379845
-0.691040 -0.684988 -0.667485
-0.715668 -0.722842 -0.837328
-0.865961 -0.878755 -0.912250
-0.926059 -0.952136 -0.941841
-0.932045 -0.931627 -0.941142
-0.945628 -0.950962 -0.964411
-0.972283 -0.969537 -0.972772
-0.977970 -0.977998 -0.979084
-0.973725 -0.970378 -0.967938
-0.964300 -0.945591 -0.922766
-0.889349 -0.873317 -0.860025
-0.783721 -0.790428 -0.799943
-0.828926 -0.906595 -0.940214
-0.942003 -0.923466 -0.899165
-0.858091 -0.760064 -0.715913
-0.716324 -0.699654 -0.713728
-0.693519 -0.728862 -0.720616
-0.700390 -0.627710 -0.535562
-0.150406 -0.146583 -0.096087
-0.762584 -0.762277 -0.766521
-0.469894 -0.456673 -0.838789
-0.810244 -0.749472 -0.751391
-0.893596 -0.901538 -0.889284
-0.909550 -0.932962 -0.944824
-0.963222 -0.951282 -0.953848
-0.963999 -0.973112 -0.975530
-0.977430 -0.976219 -0.985548
-0.990991 -0.991779 -0.990992
-0.994192 -0.993639 -0.990466
-0.987576 -0.982793 -0.976939
-0.976734 -0.976690 -0.970232
-0.964601 -0.913810 -0.886108
-0.876806 -0.818189 -0.820918
-0.839117 -0.891808 -0.921014
-0.942605 -0.940210 -0.906261
-0.873186 -0.778902 -0.740284
-0.739738 -0.720730 -0.728201
-0.752676 -0.732514 -0.718214
-0.718198 -0.652452 -0.530047
-0.563655 -0.127886 -0.120295
-0.096947 -0.771473 -0.762426
-0.766962 -0.770765 -0.797105
-0.863784 -0.955171 -0.826603
-0.915160 -0.940807 -0.916753
-0.926149 -0.949923 -0.956396
-0.957067 -0.967162 -0.967784
-0.976869 -0.987614 -0.985756
-0.982404 -0.980534 -0.981510
-0.985794 -0.994635 -0.997775
-0.998553 -0.998797 -0.998678
-0.996369 -0.991414 -0.987435
-0.984871 -0.978779 -0.977920
-0.984162 -0.983458 -0.956824
-0.916888 -0.889291 -0.883442
-0.820248 -0.837014 -0.851755
-0.904057 -0.928134 -0.918453
-0.912259 -0.874255 -0.813481
-0.767006 -0.763565 -0.771374
-0.742492 -0.768533 -0.733961
-0.722275 -0.691266 -0.684178
-0.570716 -0.584857 -0.592888
-0.592930 -0.599231 -0.097664
-0.787998 -0.770844 -0.767144
-0.778846 -0.790566 -0.854461
-0.971301 -0.965011 -0.960951
-0.962015 -0.947029 -0.949114
-0.964775 -0.955061 -0.953625
-0.968930 -0.974021 -0.983670
-0.992419 -0.980240 -0.982496
-0.991608 -0.989397 -0.990592
-0.994964 -0.998988 -0.999725
-0.999900 -0.999836 -0.997714
-0.994315 -0.989575 -0.987122
-0.983771 -0.979188 -0.985041
-0.982322 -0.960575 -0.939485
-0.904617 -0.890153 -0.834172
-0.833988 -0.857455 -0.894744
-0.912281 -0.906836 -0.897081
-0.868225 -0.816949 -0.790465
-0.778566 -0.777581 -0.751072
-0.762330 -0.738204 -0.716243
-0.687263 -0.666114 -0.627794
-0.589461 -0.601441 -0.595418
-0.601845 -0.604365 -0.098233
-0.766943 -0.773647 -0.776015
-0.795732 -0.809589 -0.878614
-0.976467 -0.992431 -0.959083
-0.959729 -0.949612 -0.956635
-0.964470 -0.956094 -0.953443
-0.968256 -0.974773 -0.981690
-0.981930 -0.979295 -0.984659
-0.988507 -0.985027 -0.986489
-0.984328 -0.989837 -0.995883
-0.998410 -0.999228 -0.997865
-0.994817 -0.990485 -0.984079
-0.983394 -0.979653 -0.982668
-0.979362 -0.961849 -0.935055
-0.897104 -0.878510 -0.842200
-0.837765 -0.871435 -0.872396
-0.879037 -0.878478 -0.894783
-0.868473 -0.827349 -0.797712
-0.795438 -0.785854 -0.757050
-0.764457 -0.732709 -0.707922
-0.673441 -0.661056 -0.625547
-0.608670 -0.635939 -0.634976
-0.623737 -0.614370 -0.098654
-0.745069 -0.744734 -0.762902
-0.786371 -0.834370 -0.889934
-0.963102 -0.994321 -0.952134
-0.942872 -0.937046 -0.943176
-0.960362 -0.954143 -0.958756
-0.955067 -0.962201 -0.969509
-0.968634 -0.969388 -0.976331
-0.974035 -0.967996 -0.965328
-0.965763 -0.981242 -0.987721
-0.996161 -0.998430 -0.996962
-0.996212 -0.992976 -0.986580
-0.982524 -0.979019 -0.979977
-0.976818 -0.960833 -0.938662
-0.915282 -0.892834 -0.845572
-0.835026 -0.873816 -0.858329
-0.858216 -0.855639 -0.864720
-0.830687 -0.805826 -0.790883
-0.804440 -0.764313 -0.746335
-0.753009 -0.712558 -0.695622
-0.652761 -0.650928 -0.626923
-0.651354 -0.636536 -0.646871
-0.632527 -0.619296 -0.099448
-0.692951 -0.716318 -0.717330
-0.769826 -0.842191 -0.888049
-0.946128 -0.994612 -0.944350
-0.938410 -0.933704 -0.932895
-0.945674 -0.948021 -0.917098
-0.921108 -0.943573 -0.948660
-0.949740 -0.952124 -0.961835
-0.970100 -0.948863 -0.956566
-0.961226 -0.969964 -0.986516
-0.987571 -0.993840 -0.994929
-0.997018 -0.991899 -0.986823
-0.977828 -0.978594 -0.977762
-0.977772 -0.958845 -0.936203
-0.922950 -0.900737 -0.872942
-0.854952 -0.852548 -0.855355
-0.830323 -0.816595 -0.815321
-0.821066 -0.812054 -0.785085
-0.801839 -0.767270 -0.743701
-0.745044 -0.711335 -0.675075
-0.638227 -0.648310 -0.645282
-0.680761 -0.679188 -0.672023
-0.664620 -0.618970 -0.099669
-0.665408 -0.665586 -0.692211
-0.747855 -0.820931 -0.926126
-0.968578 -0.984617 -0.948511
-0.928215 -0.923428 -0.922551
-0.944269 -0.921627 -0.887308
-0.898835 -0.928285 -0.930517
-0.943501 -0.954411 -0.955880
-0.941488 -0.944322 -0.945460
-0.943624 -0.941677 -0.966152
-0.982349 -0.994182 -0.997564
-0.997375 -0.992674 -0.986365
-0.983900 -0.976780 -0.970991
-0.973258 -0.965143 -0.934215
-0.922378 -0.906835 -0.890604
-0.867376 -0.850271 -0.861659
-0.850436 -0.783719 -0.771540
-0.771203 -0.806612 -0.785776
-0.778433 -0.789530 -0.738396
-0.742528 -0.684786 -0.663096
-0.630009 -0.659902 -0.667834
-0.683705 -0.703249 -0.697859
-0.684147 -0.639847 -0.099129
-0.665439 -0.679486 -0.686736
-0.724649 -0.818101 -0.926882
-0.987960 -0.969463 -0.942536
-0.937335 -0.908680 -0.906891
-0.925001 -0.887030 -0.860729
-0.884242 -0.913882 -0.929434
-0.933409 -0.947181 -0.951976
-0.953349 -0.956841 -0.945897
-0.943951 -0.939390 -0.950830
-0.978292 -0.992982 -0.998601
-0.998854 -0.994358 -0.989584
-0.987056 -0.979378 -0.970190
-0.966747 -0.967399 -0.939229
-0.925769 -0.920324 -0.906010
-0.894001 -0.867588 -0.846073
-0.845032 -0.834701 -0.763253
-0.747237 -0.783271 -0.775061
-0.770675 -0.781407 -0.736888
-0.716499 -0.661947 -0.631737
-0.627427 -0.676549 -0.684658
-0.701412 -0.717498 -0.716390
-0.710140 -0.681270 -0.099090
-0.651035 -0.683031 -0.695705
-0.741647 -0.922119 -0.953664
-0.997326 -0.957742 -0.935913
-0.910067 -0.899007 -0.905150
-0.885083 -0.860015 -0.857632
-0.901144 -0.927154 -0.942329
-0.949815 -0.957834 -0.966666
-0.972914 -0.975121 -0.963640
-0.945419 -0.941647 -0.953550
-0.966145 -0.983640 -0.994251
-0.996002 -0.993459 -0.985113
-0.988224 -0.984627 -0.973995
-0.964121 -0.965436 -0.946152
-0.931549 -0.926890 -0.917592
-0.907987 -0.895723 -0.877479
-0.859791 -0.847068 -0.810669
-0.743106 -0.750123 -0.781322
-0.767441 -0.763695 -0.765933
-0.691730 -0.640974 -0.631572
-0.636263 -0.679839 -0.700642
-0.711848 -0.717581 -0.723885
-0.715074 -0.683264 -0.098164
-0.691638 -0.692155 -0.736183
-0.881296 -0.916735 -0.950717
-0.967745 -0.944343 -0.924097
-0.901882 -0.891003 -0.900886
-0.877133 -0.848956 -0.857406
-0.906822 -0.938963 -0.960935
-0.977607 -0.986528 -0.980574
-0.980173 -0.982337 -0.977917
-0.952268 -0.932970 -0.943107
-0.959466 -0.974793 -0.982324
-0.983714 -0.988408 -0.985377
-0.980850 -0.984117 -0.981590
-0.969241 -0.962394 -0.962227
-0.938397 -0.937963 -0.934269
-0.923603 -0.910688 -0.889969
-0.868027 -0.836541 -0.826811
-0.748660 -0.751732 -0.804033
-0.782385 -0.764302 -0.759324
-0.680323 -0.631916 -0.633697
-0.636656 -0.684306 -0.702256
-0.711227 -0.712976 -0.727817
-0.725483 -0.692290 -0.098038
-0.652163 -0.660564 -0.745460
-0.868485 -0.908485 -0.924022
-0.916944 -0.907996 -0.906699
-0.890355 -0.878758 -0.887348
-0.858827 -0.846719 -0.887926
-0.920514 -0.943497 -0.983202
-0.987494 -0.986382 -0.989266
-0.988698 -0.984908 -0.977000
-0.962693 -0.949028 -0.941998
-0.956218 -0.955678 -0.964474
-0.965420 -0.977605 -0.984043
-0.977519 -0.983945 -0.987465
-0.972798 -0.958135 -0.956492
-0.955457 -0.949308 -0.943255
-0.935063 -0.909106 -0.897560
-0.860290 -0.821352 -0.829041
-0.751490 -0.758283 -0.809221
-0.789273 -0.762815 -0.736840
-0.672519 -0.631097 -0.636367
-0.638027 -0.690757 -0.690533
-0.711194 -0.705603 -0.709160
-0.726814 -0.700019 -0.097965
-0.861471 -0.833602 -0.840911
-0.871291 -0.893359 -0.878853
-0.885918 -0.891658 -0.882153
-0.879811 -0.898742 -0.862218
-0.855129 -0.889260 -0.917739
-0.941980 -0.987284 -0.987824
-0.988593 -0.991245 -0.991835
-0.977178 -0.963924 -0.953998
-0.955574 -0.952459 -0.954864
-0.955875 -0.977639 -0.980767
-0.983345 -0.991806 -0.975796
-0.961377 -0.955910 -0.968572
-0.967036 -0.952419 -0.942168
-0.929338 -0.879558 -0.848392
-0.817186 -0.772461 -0.758473
-0.768859 -0.808839 -0.788093
-0.753259 -0.731752 -0.668080
-0.630976 -0.640569 -0.646482
-0.695490 -0.696457 -0.711051
-0.700952 -0.692095 -0.719623
-0.691969 -0.097991 -0.862282
-0.861972 -0.861661 -0.820908
-0.826817 -0.872873 -0.835986
-0.863463 -0.882675 -0.881409
-0.883042 -0.887507 -0.853991
-0.852940 -0.897281 -0.916885
-0.942878 -0.980380 -0.988157
-0.990053 -0.993853 -0.996393
-0.964322 -0.965993 -0.951579
-0.953408 -0.948671 -0.968933
-0.975900 -0.979599 -0.990104
-0.973969 -0.961974 -0.959320
-0.973128 -0.978494 -0.962311
-0.947848 -0.931193 -0.858531
-0.825098 -0.800836 -0.774087
-0.774731 -0.787265 -0.808663
-0.784371 -0.758327 -0.729757
-0.649781 -0.618991 -0.646126
-0.643910 -0.702380 -0.693996
-0.713136 -0.696079 -0.683659
-0.686223 -0.098855 -0.098167
-0.863104 -0.862802 -0.862499
-0.810137 -0.821059 -0.800002
-0.815688 -0.852981 -0.879927
-0.883618 -0.885592 -0.888519
-0.850474 -0.855487 -0.899470
-0.913672 -0.946457 -0.979513
-0.987247 -0.991449 -0.998252
-0.996281 -0.979598 -0.970332
-0.967716 -0.958428 -0.948167
-0.951425 -0.949527 -0.962373
-0.985687 -0.974766 -0.960446
-0.963476 -0.973561 -0.984890
-0.964508 -0.949322 -0.930152
-0.837522 -0.810458 -0.784945
-0.771633 -0.766827 -0.796931
-0.815165 -0.782464 -0.746811
-0.711007 -0.654096 -0.634418
-0.656323 -0.650042 -0.708598
-0.687770 -0.710490 -0.671736
-0.652022 -0.099853 -0.099212
-0.864905 -0.864608 -0.863866
-0.863377 -0.776085 -0.795820
-0.771431 -0.827494 -0.854638
-0.880813 -0.875719 -0.879462
-0.891368 -0.876455 -0.854107
-0.880362 -0.914653 -0.943597
-0.978881 -0.986793 -0.988448
-0.994305 -0.998103 -0.988293
-0.986131 -0.983444 -0.977351
-0.970012 -0.956078 -0.934963
-0.926774 -0.946995 -0.978771
-0.969106 -0.960520 -0.964847
-0.970237 -0.970163 -0.955249
-0.947213 -0.923449 -0.823193
-0.786517 -0.768013 -0.767238
-0.775673 -0.809054 -0.813245
-0.778709 -0.739922 -0.717905
-0.657082 -0.646102 -0.669914
-0.661677 -0.706169 -0.664242
-0.669601 -0.621732 -0.615529
-0.099923 -0.849659 -0.849317
-0.865684 -0.865170 -0.864727
-0.718535 -0.764567 -0.771370
-0.846304 -0.874065 -0.882062
-0.875077 -0.875542 -0.893223
-0.864752 -0.855024 -0.887683
-0.915800 -0.944294 -0.975902
-0.987580 -0.989190 -0.992599
-0.990862 -0.992682 -0.990194
-0.986060 -0.977324 -0.957519
-0.922625 -0.915680 -0.925435
-0.959281 -0.956925 -0.957603
-0.958018 -0.957522 -0.953225
-0.938308 -0.924181 -0.921780
-0.812694 -0.770771 -0.763238
-0.769552 -0.794170 -0.809891
-0.800899 -0.774000 -0.738614
-0.681928 -0.680479 -0.660478
-0.681012 -0.676865 -0.695730
-0.660054 -0.652101 -0.614550
-0.612989 -0.100809 -0.850308
-0.849974 -0.866545 -0.866037
-0.865290 -0.865048 -0.738555
-0.799056 -0.858851 -0.893377
-0.894119 -0.885907 -0.873298
-0.886150 -0.869337 -0.858284
-0.881904 -0.908993 -0.939437
-0.972753 -0.987543 -0.987790
-0.992832 -0.998441 -0.994351
-0.992984 -0.994188 -0.995582
-0.988460 -0.981118 -0.958253
-0.942170 -0.915599 -0.906517
-0.926946 -0.941707 -0.949789
-0.951933 -0.946850 -0.936599
-0.925690 -0.922218 -0.874421
-0.824440 -0.771801 -0.753354
-0.762851 -0.786049 -0.817887
-0.789579 -0.747640 -0.747515
-0.699522 -0.702862 -0.674771
-0.677055 -0.673012 -0.666574
-0.662481 -0.632130 -0.588737
-0.587028 -0.102339 -0.849259
-0.866984 -0.866770 -0.873885
-0.881041 -0.710402 -0.772664
-0.829104 -0.884850 -0.907819
-0.909399 -0.890289 -0.878446
-0.892284 -0.880460 -0.877312
-0.872137 -0.902560 -0.931214
-0.968673 -0.984185 -0.989684
-0.993310 -0.994705 -0.999071
-0.998177 -0.995236 -0.993109
-0.992081 -0.993163 -0.994517
-0.991473 -0.980156 -0.949776
-0.941365 -0.908619 -0.893627
-0.903568 -0.927619 -0.943039
-0.935595 -0.929889 -0.914681
-0.914746 -0.910383 -0.875562
-0.816812 -0.773059 -0.758672
-0.757534 -0.787023 -0.802253
-0.776369 -0.744518 -0.762220
-0.719868 -0.720691 -0.686481
-0.677221 -0.654793 -0.638659
-0.631193 -0.613569 -0.440006
-0.445782 -0.104051 -0.887638
-0.897408 -0.892243 -0.892232
-0.892221 -0.719952 -0.813897
-0.853049 -0.894438 -0.917974
-0.921861 -0.908681 -0.878866
-0.893076 -0.885006 -0.881644
-0.874602 -0.902017 -0.929967
-0.958368 -0.974474 -0.987692
-0.992198 -0.994127 -0.995259
-0.995804 -0.994849 -0.994081
-0.992951 -0.991744 -0.992230
-0.991656 -0.982168 -0.955487
-0.926146 -0.906535 -0.867990
-0.899892 -0.945581 -0.924774
-0.916730 -0.923821 -0.917146
-0.921898 -0.912902 -0.874143
-0.840515 -0.801125 -0.754961
-0.771186 -0.806976 -0.779058
-0.757343 -0.761793 -0.735700
-0.736093 -0.731853 -0.693326
-0.674729 -0.623955 -0.614947
-0.589482 -0.502245 -0.429376
-0.422678 -0.105657 -0.900151
-0.894327 -0.891201 -0.890749
-0.882175 -0.725435 -0.769665
-0.879996 -0.903403 -0.925692
-0.937817 -0.917459 -0.879512
-0.874674 -0.900871 -0.900212
-0.880664 -0.894563 -0.927707
-0.944007 -0.958633 -0.973167
-0.983585 -0.991549 -0.992676
-0.993613 -0.998164 -0.997791
-0.993661 -0.990599 -0.989300
-0.988390 -0.979506 -0.950809
-0.925938 -0.866882 -0.852958
-0.907960 -0.944001 -0.918180
-0.915967 -0.922851 -0.926218
-0.929151 -0.906284 -0.877149
-0.864612 -0.814199 -0.754199
-0.771748 -0.786884 -0.765487
-0.752096 -0.770912 -0.747800
-0.748485 -0.746871 -0.728608
-0.690049 -0.621568 -0.575776
-0.542544 -0.417458 -0.421277
-0.458798 -0.107609 -0.895779
-0.886822 -0.880675 -0.881810
-0.881986 -0.735294 -0.807028
-0.881724 -0.925829 -0.945054
-0.946048 -0.913189 -0.877237
-0.876247 -0.916116 -0.920986
-0.893706 -0.902158 -0.929451
-0.936393 -0.940584 -0.955612
-0.968995 -0.986555 -0.989936
-0.995876 -0.998144 -0.994015
-0.991017 -0.986497 -0.987992
-0.986588 -0.976203 -0.956479
-0.902975 -0.852217 -0.868118
-0.909486 -0.940593 -0.924782
-0.925503 -0.925310 -0.929793
-0.917997 -0.897482 -0.893690
-0.857979 -0.765149 -0.745368
-0.761663 -0.764736 -0.744998
-0.746929 -0.758088 -0.748756
-0.735896 -0.741977 -0.723051
-0.672171 -0.598970 -0.573766
-0.519351 -0.456131 -0.450691
-0.462887 -0.109712 -0.887396
-0.871393 -0.871742 -0.870537
-0.845393 -0.775624 -0.810273
-0.869436 -0.926847 -0.955406
-0.941334 -0.911861 -0.880916
-0.874159 -0.924840 -0.944792
-0.917212 -0.918459 -0.918125
-0.940114 -0.930110 -0.934018
-0.949123 -0.968891 -0.986432
-0.989895 -0.993174 -0.988464
-0.985755 -0.985471 -0.989130
-0.986887 -0.966753 -0.954728
-0.923012 -0.857316 -0.851496
-0.923660 -0.944894 -0.924664
-0.926626 -0.924839 -0.915790
-0.898231 -0.885098 -0.873747
-0.803430 -0.757699 -0.747763
-0.764278 -0.744297 -0.722857
-0.736854 -0.733229 -0.729211
-0.720944 -0.723258 -0.688841
-0.627599 -0.569696 -0.434289
-0.430563 -0.445089 -0.444660
-0.451627 -0.112112 -0.827354
-0.788717 -0.748148 -0.795790
-0.783777 -0.721259 -0.823373
-0.871665 -0.920073 -0.951558
-0.933508 -0.909114 -0.886368
-0.900352 -0.931200 -0.954202
-0.937316 -0.930962 -0.929045
-0.933349 -0.943444 -0.947143
-0.942809 -0.956956 -0.976159
-0.987800 -0.988856 -0.988345
-0.987322 -0.987967 -0.987865
-0.982690 -0.971687 -0.945670
-0.907032 -0.853138 -0.870099
-0.918928 -0.937072 -0.925808
-0.920445 -0.922194 -0.880987
-0.861589 -0.857480 -0.848399
-0.786663 -0.744733 -0.740426
-0.765716 -0.711368 -0.711258
-0.732494 -0.699923 -0.715891
-0.676922 -0.687588 -0.617842
-0.547304 -0.482153 -0.398700
-0.451917 -0.460060 -0.443726
-0.450112 -0.114792 -0.803497
-0.708297 -0.708186 -0.694299
-0.710612 -0.640377 -0.857848
-0.878819 -0.880431 -0.922306
-0.923071 -0.898902 -0.891623
-0.904121 -0.934341 -0.955259
-0.948236 -0.942928 -0.936288
-0.931659 -0.935477 -0.939955
-0.957868 -0.960601 -0.974549
-0.983755 -0.988042 -0.990210
-0.990385 -0.992506 -0.989634
-0.985459 -0.960406 -0.927767
-0.889486 -0.860852 -0.886696
-0.932831 -0.926187 -0.917563
-0.901167 -0.910583 -0.844854
-0.818686 -0.810954 -0.823110
-0.771646 -0.753206 -0.742519
-0.732869 -0.687192 -0.692170
-0.698886 -0.685356 -0.674852
-0.650392 -0.617040 -0.523783
-0.464983 -0.420271 -0.475328
-0.475147 -0.472053 -0.468062
-0.749620 -0.699111 -0.649647
-0.665470 -0.669562 -0.671376
-0.610808 -0.831720 -0.848907
-0.884718 -0.924552 -0.893008
-0.889095 -0.900613 -0.910620
-0.938199 -0.954743 -0.954060
-0.928447 -0.928712 -0.912589
-0.912520 -0.934539 -0.949827
-0.955135 -0.961399 -0.966834
-0.964919 -0.967413 -0.981989
-0.973452 -0.957213 -0.925736
-0.858165 -0.841736 -0.869870
-0.907631 -0.923076 -0.910680
-0.890790 -0.895372 -0.833619
-0.793438 -0.788370 -0.800994
-0.781535 -0.745946 -0.744639
-0.739252 -0.711807 -0.683695
-0.675554 -0.672536 -0.660516
-0.629021 -0.619354 -0.505222
-0.462814 -0.408600 -0.420658
-0.492806 -0.488911 -0.497235
-0.482905 -0.709877 -0.654944
-0.639932 -0.643892 -0.633385
-0.654592 -0.634809 -0.633328
-0.816149 -0.838664 -0.864255
-0.889970 -0.893197 -0.884086
-0.892971 -0.896721 -0.900774
-0.918438 -0.927384 -0.930676
-0.922986 -0.924911 -0.926677
-0.924483 -0.927350 -0.919149
-0.921712 -0.920234 -0.927775
-0.945380 -0.949600 -0.936607
-0.913332 -0.894183 -0.832873
-0.837944 -0.850583 -0.886272
-0.891886 -0.889379 -0.884468
-0.803989 -0.780728 -0.761119
-0.755189 -0.768057 -0.753791
-0.749312 -0.749930 -0.707489
-0.682289 -0.669396 -0.663761
-0.643170 -0.603972 -0.577000
-0.500344 -0.455185 -0.429426
-0.441867 -0.490484 -0.530001
-0.522397 -0.512058 -0.498783
-0.649090 -0.647905 -0.637812
-0.616747 -0.624584 -0.631002
-0.638167 -0.131258 -0.726657
-0.775067 -0.812501 -0.810540
-0.881349 -0.884522 -0.877096
-0.877257 -0.871052 -0.865468
-0.896541 -0.904972 -0.892130
-0.888565 -0.880505 -0.872578
-0.875049 -0.884359 -0.884172
-0.895775 -0.900449 -0.899186
-0.892605 -0.877332 -0.846772
-0.817128 -0.817020 -0.861728
-0.861296 -0.860859 -0.863152
-0.803316 -0.751173 -0.727457
-0.735304 -0.743462 -0.743729
-0.750215 -0.756730 -0.715532
-0.680966 -0.682860 -0.666243
-0.630296 -0.628703 -0.577991
-0.547544 -0.477410 -0.435291
-0.446441 -0.483616 -0.514024
-0.539351 -0.561315 -0.551651
-0.129015 -0.615983 -0.616283
-0.634649 -0.629306 -0.637251
-0.646739 -0.136950 -0.494973
-0.709700 -0.711466 -0.752982
-0.775351 -0.772633 -0.797075
-0.850252 -0.844146 -0.816826
-0.811301 -0.814011 -0.816782
-0.795538 -0.804079 -0.825950
-0.840406 -0.838243 -0.838148
-0.846636 -0.849272 -0.840378
-0.830441 -0.794662 -0.786836
-0.789790 -0.817632 -0.847477
-0.849695 -0.843805 -0.787141
-0.742850 -0.720577 -0.724050
-0.729686 -0.741847 -0.749036
-0.763681 -0.748130 -0.703861
-0.683136 -0.667237 -0.651775
-0.626233 -0.584123 -0.542506
-0.487532 -0.462390 -0.441669
-0.453209 -0.480621 -0.538667
-0.515203 -0.540116 -0.134271
-0.628067 -0.637612 -0.655026
-0.699638 -0.713823 -0.686346
-0.142980 -0.494174 -0.574649
-0.594992 -0.660377 -0.738420
-0.735933 -0.757996 -0.764989
-0.777628 -0.810844 -0.789759
-0.768699 -0.787543 -0.802170
-0.810453 -0.788402 -0.803863
-0.836096 -0.852053 -0.848568
-0.841962 -0.821209 -0.784725
-0.770627 -0.787055 -0.802367
-0.824706 -0.843370 -0.845463
-0.799289 -0.756964 -0.719534
-0.704075 -0.728142 -0.732494
-0.753672 -0.790993 -0.776153
-0.731438 -0.710289 -0.694874
-0.669696 -0.630834 -0.617635
-0.552123 -0.490406 -0.464650
-0.454794 -0.459832 -0.461101
-0.485655 -0.557154 -0.139823
-0.674361 -0.668805 -0.690376
-0.729584 -0.687165 -0.659693
-0.150877 -0.509257 -0.530879
-0.534161 -0.583926 -0.643374
-0.671123 -0.696813 -0.732568
-0.750014 -0.764683 -0.781373
-0.798293 -0.820021 -0.817655
-0.841142 -0.861484 -0.816216
-0.825153 -0.838265 -0.828040
-0.812944 -0.801980 -0.788486
-0.802899 -0.803334 -0.823290
-0.834984 -0.824804 -0.772710
-0.758280 -0.737063 -0.730103
-0.718657 -0.727288 -0.745254
-0.802998 -0.793111 -0.778063
-0.740892 -0.739504 -0.696769
-0.656897 -0.637557 -0.577154
-0.514707 -0.480863 -0.462469
-0.457672 -0.467905 -0.538666
-0.548832 -0.144515 -0.703904
-0.744647 -0.779161 -0.798060
-0.711984 -0.667728 -0.649257
-0.486309 -0.526007 -0.531463
-0.551906 -0.644348 -0.678169
-0.733798 -0.748568 -0.761668
-0.771941 -0.790068 -0.802435
-0.815653 -0.844980 -0.863707
-0.869617 -0.877916 -0.871169
-0.869070 -0.866533 -0.847847
-0.834988 -0.829777 -0.833697
-0.835388 -0.828748 -0.828415
-0.821026 -0.779362 -0.754654
-0.747661 -0.728666 -0.733746
-0.744402 -0.810530 -0.818169
-0.805109 -0.779279 -0.784023
-0.765242 -0.712262 -0.648090
-0.587756 -0.546441 -0.494295
-0.468698 -0.458943 -0.746855
-0.799887 -0.812109 -0.736435
-0.716589 -0.713769 -0.478403
-0.471143 -0.549518 -0.560883
-0.601600 -0.668202 -0.692727
-0.746004 -0.788713 -0.794916
-0.830135 -0.811394 -0.813768
-0.826889 -0.833861 -0.848061
-0.876916 -0.877803 -0.872168
-0.856916 -0.847348 -0.843119
-0.839630 -0.818751 -0.820786
-0.817394 -0.817052 -0.817290
-0.807169 -0.785450 -0.758474
-0.738947 -0.748395 -0.737560
-0.810268 -0.824888 -0.816389
-0.807092 -0.817521 -0.768759
-0.738726 -0.695018 -0.615943
-0.567254 -0.505346 -0.478898
-0.473731 -0.149894 -0.822636
-0.826660 -0.745573 -0.745552
-0.758290 -0.480179 -0.428874
-0.476792 -0.506877 -0.551697
-0.617843 -0.732019 -0.763079
-0.806280 -0.823194 -0.845431
-0.848561 -0.834429 -0.821388
-0.826950 -0.832847 -0.827062
-0.821838 -0.811325 -0.805058
-0.800754 -0.796654 -0.799950
-0.802985 -0.811416 -0.810616
-0.819920 -0.829161 -0.820687
-0.792171 -0.771672 -0.762372
-0.754164 -0.800078 -0.825121
-0.816241 -0.829929 -0.830011
-0.832032 -0.784036 -0.723869
-0.684068 -0.580608 -0.573684
-0.498756 -0.477955 -0.156788
-0.817427 -0.755332 -0.785151
-0.760501 -0.778216 -0.504138
-0.435980 -0.473888 -0.480340
-0.496814 -0.605705 -0.665091
-0.771901 -0.804615 -0.823739
-0.828493 -0.841005 -0.843854
-0.826459 -0.818631 -0.819731
-0.816239 -0.808577 -0.793661
-0.782611 -0.780255 -0.784583
-0.789492 -0.786710 -0.796122
-0.816004 -0.834913 -0.839086
-0.790829 -0.774897 -0.754277
-0.749041 -0.779857 -0.783870
-0.796514 -0.809335 -0.838929
-0.838870 -0.834426 -0.793961
-0.722982 -0.687275 -0.540794
-0.799092 -0.771983 -0.789145
-0.772815 -0.772328 -0.527941
-0.435691 -0.445412 -0.450688
-0.476666 -0.530052 -0.651497
-0.726982 -0.794628 -0.824656
-0.828030 -0.834639 -0.827925
-0.820940 -0.826241 -0.814602
-0.796007 -0.774508 -0.766713
-0.759335 -0.766218 -0.774927
-0.784096 -0.797062 -0.841049
-0.835462 -0.815785 -0.794101
-0.779055 -0.756423 -0.742396
-0.755346 -0.746306 -0.754470
-0.773510 -0.819396 -0.838327
-0.836352 -0.834305 -0.800952
-0.732777 -0.697856 -0.762709
-0.751348 -0.758214 -0.741751
-0.600840 -0.483103 -0.455234
-0.459078 -0.436582 -0.453461
-0.591462 -0.682714 -0.816536
-0.837225 -0.841728 -0.834927
-0.825745 -0.803635 -0.788460
-0.776265 -0.769553 -0.764476
-0.766498 -0.774690 -0.792837
-0.803302 -0.820811 -0.837438
-0.831665 -0.835927 -0.817828
-0.802091 -0.782102 -0.758851
-0.768523 -0.746499 -0.723488
-0.769049 -0.795674 -0.796602
-0.801062 -0.809182 -0.824485
-0.742020 -0.718811 -0.774805
-0.794911 -0.573255 -0.513079
-0.478801 -0.460552 -0.456282
-0.432540 -0.527999 -0.618700
-0.717543 -0.763446 -0.838051
-0.831453 -0.819132 -0.802062
-0.785302 -0.769308 -0.765497
-0.768949 -0.773199 -0.785122
-0.814340 -0.827418 -0.840935
-0.851636 -0.852802 -0.848994
-0.837166 -0.829204 -0.827725
-0.800040 -0.743947 -0.733179
-0.747523 -0.750808 -0.766791
-0.775380 -0.789627 -0.798708
-0.808350 -0.733951 -0.657270
-0.595098 -0.479044 -0.493685
-0.488513 -0.488574 -0.433688
-0.459631 -0.666947 -0.693192
-0.752589 -0.782983 -0.808265
-0.810258 -0.799013 -0.794843
-0.791659 -0.793166 -0.799576
-0.811234 -0.824021 -0.845956
-0.860736 -0.875808 -0.891057
-0.891081 -0.894597 -0.854774
-0.850811 -0.804225 -0.768168
-0.763814 -0.756098 -0.775891
-0.777653 -0.783263 -0.781029
-0.792476 -0.799691 -0.489604
-0.486163 -0.484605 -0.435113
-0.633758 -0.653044 -0.708425
-0.747437 -0.722205 -0.766801
-0.801038 -0.809545 -0.833895
-0.837306 -0.847022 -0.854317
-0.861838 -0.867247 -0.885246
-0.911289 -0.924919 -0.914414
-0.918809 -0.894694 -0.858205
-0.805908 -0.789814 -0.772287
-0.762318 -0.771712 -0.785120
-0.776977 -0.475541 -0.484836
-0.481574 -0.443772 -0.452891
-0.485097 -0.586857 -0.679098
-0.715020 -0.722081 -0.743326
-0.775835 -0.787375 -0.823112
-0.840930 -0.857418 -0.873842
-0.888009 -0.901354 -0.922247
-0.937663 -0.936427 -0.924195
-0.907675 -0.867275 -0.822753
-0.809964 -0.773183 -0.784947
-0.786873 -0.481859 -0.487599
-0.446459 -0.430295 -0.439515
-0.503134 -0.538811 -0.608582
-0.701231 -0.740388 -0.754963
-0.787563 -0.796461 -0.806346
-0.830734 -0.861382 -0.887995
-0.896412 -0.903074 -0.920259
-0.932318 -0.925309 -0.912021
-0.869934 -0.845597 -0.822418
-0.782244 -0.789166 -0.481014
-0.483089 -0.435116 -0.429641
-0.433858 -0.440950 -0.456040
-0.536131 -0.585663 -0.606423
-0.642118 -0.740761 -0.784665
-0.802619 -0.825512 -0.841628
-0.915832 -0.930259 -0.931930
-0.917181 -0.882186 -0.874408
-0.843762 -0.810295 -0.487776
-0.520591 -0.601596 -0.641704
-0.683666 -0.729378 -0.807475
-0.821876 -0.842226 -0.898558
-0.893215 -0.922579 -0.934774
-0.914320 -0.892303 -0.877107
